[1.086992054105575, -1.432740828642191, 4.798281519635102]
[46, 28, 44]
[1.062838743320652, -1.4288176345935, 4.823661338382076]
[47, 30, 42]
[1.005461222865342, -1.420996266823834, 4.873148709558178]
[62, 46, 55]
[0.8908747186024951, -1.410296249163076, 5.001358715116741]
[48, 32, 53]
[1.216008946503902, 0.2367394606429456, 4.483769734828484]
[125, 114, 135]
[1.281723309583065, 0.7156012856394315, 4.364805666343587]
[106, 92, 122]
[1.156229199791366, 0.7416490342831396, 4.49611980748684]
[66, 49, 63]
[1.17376531374252, 0.7520181442459455, 4.474108886109006]
[126, 108, 120]
[0.03389538676442808, 1.253975175170322, 4.897724236947488]
[96, 76, 118]
[0.09538828190332041, 1.248300033453113, 4.844513007352273]
[101, 78, 126]
[0.1199323341670145, 1.242273520332329, 4.806412146781581]
[102, 82, 120]
[-0.1303355618096457, 1.304723818267753, 5.008133770062831]
[46, 38, 64]
[-0.8253062155675317, 1.232372509551136, 4.649734526719641]
[104, 82, 122]
[-0.9188318612476317, 1.269834775277561, 4.613928285556105]
[64, 50, 92]
[-2.432524696869693, -2.619782044795496, 8.555801325755453]
[128, 99, 120]
[-0.523465490092376, -1.941828604415633, 6.437364065551826]
[24, 24, 38]
[-2.443271932787629, -1.558329465332517, 8.456427266456753]
[124, 92, 108]
[-2.447132131458754, -1.413969567454575, 8.454528739995805]
[115, 80, 88]
[0.5955623519994472, -0.3953785426958427, 5.216770606867409]
[46, 36, 51]
[-2.449501521588108, 1.028957299838168, 8.194675363419854]
[116, 87, 98]
[1.284034750740692, 0.7287233231185538, 4.356511092063972]
[54, 42, 56]
[1.265705205884732, 0.7463370309984443, 4.376448747786642]
[118, 106, 133]
[1.308955777674968, 0.7405572122812671, 4.324762777427261]
[114, 102, 122]
[-0.9705067986943001, 0.9362623613342347, 4.697606173576216]
[73, 52, 86]
[-0.9705067986943001, 0.9362623613342347, 4.697606173576216]
[73, 52, 86]
[-0.9287313181942536, 0.9367376903869523, 4.701617784528438]
[74, 54, 84]
[-0.9287313181942536, 0.9367376903869523, 4.701617784528438]
[74, 54, 84]
[-1.566399167583338, 1.273155734515315, 5.021040016618124]
[92, 70, 99]
[-1.566399167583338, 1.273155734515315, 5.021040016618124]
[92, 70, 99]
[-0.4424957636752845, 1.255311781542811, 4.889548283473384]
[91, 70, 100]
[-0.6627117199939817, 1.232143838510266, 4.671454818225004]
[97, 78, 104]
[-0.6627117199939817, 1.232143838510266, 4.671454818225004]
[97, 78, 104]
[-0.9306960327181442, 1.232435750744393, 4.645682211604155]
[106, 80, 118]
[-0.9306960327181442, 1.232435750744393, 4.645682211604155]
[106, 80, 118]
[-0.7898149017772675, 1.267249255990768, 4.602913034099975]
[63, 48, 82]
[-2.84333106743439, -3.061311169632005, 8.88583563047125]
[84, 50, 34]
[1.15733071417688, -1.437145709159591, 4.719432998469385]
[51, 38, 56]
[1.15733071417688, -1.437145709159591, 4.719432998469385]
[51, 38, 56]
[0.9967412346564222, -1.438765149990339, 4.881713762969216]
[120, 102, 124]
[0.8538863144072522, -1.403627878900173, 5.026459998782788]
[50, 35, 47]
[-2.435616892312671, -2.218913596456143, 8.515254105937631]
[124, 98, 118]
[0.8140668653422948, -1.316114559376, 5.057673851305523]
[64, 50, 76]
[-3.797093791151421, -1.909677673499756, 8.908287842417813]
[146, 103, 94]
[-3.425042081985799, -1.884838869328588, 9.111323291471939]
[158, 107, 100]
[-1.762002044748085, -1.497912201428385, 7.766968888147885]
[48, 37, 54]
[1.007315751974884, -0.2669838277135784, 4.754626430370923]
[48, 42, 66]
[1.222567478932907, 0.232692043621311, 4.46833373954837]
[120, 106, 126]
[-2.833545756645079, 0.6142184811936857, 8.493102494892101]
[76, 44, 31]
[-2.444693873195976, 0.6681661737728576, 8.224761916302546]
[106, 86, 104]
[1.233265325219021, 0.6083543710058388, 4.418238030023931]
[118, 101, 126]
[1.116692618128009, 0.7286874587705061, 4.538490173590089]
[124, 108, 128]
[-0.741479919720895, 0.8487742567079171, 4.666108615951626]
[82, 70, 116]
[1.02173790290087, 1.135975765014095, 4.589506274262297]
[116, 102, 124]
[-2.434108404122766, -2.160772222713566, 8.520477676781351]
[112, 88, 104]
[-2.430438457843751, -2.085236694146529, 8.510932742614365]
[121, 100, 124]
[-0.4567610276111437, -1.292073749310296, 5.709214552128729]
[60, 50, 97]
[-2.428197666214694, -1.282170342043591, 8.411239698429558]
[120, 96, 112]
[1.047282344759905, -0.6139273750989215, 4.755547176633781]
[43, 35, 52]
[-2.445299871209352, -1.008541796879521, 8.423548640609484]
[119, 95, 116]
[-2.448105499885471, 0.6699017570765138, 8.243327540050693]
[106, 86, 104]
[0.09046618748265298, 0.8440385436380952, 4.844210179056187]
[26, 27, 39]
[-2.431095897998527, -2.96643985020917, 8.624728142359874]
[120, 103, 131]
[-2.425463181924016, -2.869203478262651, 8.605736413968184]
[115, 94, 115]
[-2.420268705931071, -2.783763618905263, 8.589735716773774]
[108, 90, 111]
[-2.422832330605131, -1.488411402835731, 8.428431529708918]
[111, 84, 104]
[1.221642275648451, 1.052088279670047, 4.394205742481088]
[120, 100, 122]
[-2.422117419966673, -2.527663432344262, 8.563596265362563]
[114, 96, 119]
[-2.397028872080998, -2.31443662042626, 8.495108075913169]
[104, 85, 109]
[-2.404226071278252, -0.959677218111434, 8.36139807060882]
[107, 86, 101]
[1.270209629310296, 1.334028237040839, 4.173226026811657]
[238, 168, 148]
[1.270209629310296, 1.334028237040839, 4.173226026811657]
[238, 168, 148]
[-3.966360843024914, -2.104539044253118, 8.93148112938429]
[244, 194, 178]
[-2.388036871611452, -0.4435717469653918, 8.267476249068379]
[98, 85, 106]
[-2.391714076222686, -1.439960213862319, 8.423161796506244]
[109, 85, 100]
[0.9050745393122928, -1.445015148105518, 4.97724447781533]
[80, 66, 94]
[1.281163802522305, -1.273159591081894, 4.560441063721428]
[141, 123, 143]
[0.9539535517807882, -0.6172314346844519, 4.851435149481833]
[113, 100, 126]
[0.9825896106988121, 0.2717668591435493, 4.725033070387517]
[84, 66, 85]
[-2.46049298477011, 1.15647545671225, 8.146413718821755]
[208, 165, 145]
[0.9332426961650099, 0.9164779117597489, 4.720251158509574]
[71, 56, 68]
[-0.2601616274273819, -1.969956918286992, 6.255009823279453]
[78, 62, 84]
[1.157335074902685, -0.4633847521249189, 4.622144327983637]
[59, 44, 69]
[1.033388499567899, 0.1362688215802131, 4.683863563730263]
[58, 46, 64]
[-1.929286973208205, 1.306527891640856, 5.373350558458609]
[100, 76, 103]
[-0.04022274524858012, 1.257768459523131, 4.955096418296473]
[84, 70, 106]
[-0.04022274524858012, 1.257768459523131, 4.955096418296473]
[84, 70, 106]
[-1.377218323380559, 1.251641465150512, 4.821553366274381]
[103, 80, 112]
[-1.164988893639469, 1.232778021679195, 4.638451624817442]
[108, 84, 126]
[1.171594366593112, -1.237186056764139, 4.681003930486859]
[117, 96, 116]
[0.7470638776666145, -0.6004650877396538, 5.071823894441676]
[66, 60, 84]
[0.7470638776666145, -0.6004650877396538, 5.071823894441676]
[66, 60, 84]
[1.064171622800695, -0.2663801521080726, 4.711740458135926]
[54, 43, 62]
[0.9012050041176232, 0.40739305126725, 4.785805012106453]
[134, 118, 141]
[-2.435473014376651, -0.4492360277179917, 8.315675102805626]
[102, 84, 100]
[0.5537634920676683, -0.2116401930584957, 5.248012752874076]
[52, 44, 58]
[0.5537634920676683, -0.2116401930584957, 5.248012752874076]
[52, 44, 58]
[-2.467290063958282, 1.038857052105743, 8.149248158079754]
[211, 168, 150]
[-2.434308687662292, -0.7551777542271293, 8.357985127555841]
[116, 92, 112]
[0.7079079141947635, -0.3918395176776253, 5.090608061107968]
[138, 114, 130]
[-2.419949985479067, -0.09072213544656051, 8.230419809138118]
[111, 92, 116]
[1.062065074373852, 1.080791574528396, 4.557342686358723]
[126, 108, 133]
[-2.35319388302456, 0.04692390559916202, 8.182577105162618]
[111, 80, 98]
[-2.470315061815203, -0.7632133922451559, 8.39234699581719]
[230, 184, 164]
[-2.768374213788544, -0.3909480878312626, 8.610126946217175]
[166, 124, 110]
[1.015555750243084, 0.1488802824131331, 4.686833990050231]
[132, 112, 132]
[0.5546938296429732, 0.5608993793644029, 5.137482994645463]
[140, 118, 130]
[0.09516093868052572, 0.5896609415634505, 4.934490946715109]
[53, 40, 68]
[0.08088749242588895, 0.6218227408707125, 4.9387418970532]
[57, 44, 78]
[0.7106455757935711, 0.9363993664742717, 4.940211054129036]
[89, 64, 74]
[1.271721230584465, 0.8767944114294385, 4.313607839046041]
[50, 40, 59]
[0.09253515233786401, 1.244907230628696, 4.830152623605834]
[105, 82, 126]
[-1.126335326242025, 1.275964455135898, 4.618478780031381]
[68, 56, 102]
[-1.126335326242025, 1.275964455135898, 4.618478780031381]
[68, 56, 102]
[0.8502774541995822, -1.389010030524315, 5.03263083551406]
[130, 108, 132]
[0.9093660049393522, -0.9974204870668737, 4.932167313535363]
[72, 58, 70]
[0.3789503892923405, -0.3630442355044599, 5.409192326237672]
[140, 121, 146]
[1.262880876130315, 0.8174771205655706, 4.341076772070834]
[72, 65, 94]
[1.184916038882279, 1.086423973335758, 4.406240548753277]
[51, 36, 45]
[-1.901704959785168, 1.3174637778065, 5.388783226099386]
[101, 80, 105]
[-1.901704959785168, 1.3174637778065, 5.388783226099386]
[101, 80, 105]
[-1.790470083038291, 1.302928996978182, 5.267726530824891]
[94, 73, 103]
[-1.790470083038291, 1.302928996978182, 5.267726530824891]
[94, 73, 103]
[1.173428390336804, 1.254429394317246, 4.250193885548775]
[65, 18, 23]
[-0.7323922122179728, 1.270124235076823, 4.610377716833913]
[76, 63, 102]
[-0.9176997304787359, 1.27007144023791, 4.608376732223688]
[76, 60, 98]
[-1.038404155621425, 1.273655596030586, 4.616976509339858]
[70, 56, 96]
[-1.038404155621425, 1.273655596030586, 4.616976509339858]
[70, 56, 96]
[1.23668487475463, 1.344062847266025, 4.180489560348613]
[50, 20, 16]
[0.853573973973678, -1.321091234605068, 5.024437088995518]
[63, 52, 70]
[0.8183991858741796, -1.319700823028112, 5.067314133456007]
[62, 50, 80]
[0.5768777787700012, -1.287663680896362, 5.311660255154442]
[68, 58, 79]
[0.964182426734199, -1.005367391844987, 4.871984009841412]
[70, 60, 72]
[0.9643876844315916, 0.4481562551819296, 4.712183478670682]
[125, 108, 126]
[1.225996630755478, 0.6074734564457404, 4.411080469827485]
[122, 108, 130]
[0.7972378657700914, 0.7762637920077975, 4.85735608516295]
[128, 114, 137]
[0.8038564506734314, 0.7947522181118278, 4.866915889419832]
[87, 69, 80]
[0.8111063893048305, 0.7909422184839977, 4.84145943180269]
[68, 50, 66]
[1.013618126885138, 0.7635462114713705, 4.628863084441306]
[66, 55, 70]
[1.013618126885138, 0.7635462114713705, 4.628863084441306]
[66, 55, 70]
[0.8062222642349215, 1.112940941714895, 4.808322657262805]
[57, 41, 56]
[1.203107484892923, 1.080247290829356, 4.38620705495282]
[58, 45, 63]
[1.175678786693362, 1.255457162278646, 4.247605023909058]
[57, 21, 18]
[-2.442937972633396, -1.903207031934492, 8.495200584316825]
[123, 103, 118]
[-2.480806773051491, 0.5581140209905174, 8.273397412964862]
[223, 176, 161]
[0.7946433758023773, 0.9535077135333183, 4.846334481372039]
[151, 122, 132]
[-1.129512368827041, 0.8567829305394943, 4.680406333729322]
[93, 79, 128]
[1.014054224139503, 1.13787214862328, 4.584318123346905]
[114, 102, 126]
[1.182540548602349, 1.258241023822373, 4.247149976836513]
[46, 22, 17]
[-2.430488961749433, -1.283564789615294, 8.429787647172265]
[120, 96, 116]
[1.238965823541006, 0.09907797827854327, 4.4549324227931]
[94, 76, 96]
[1.209035073016427, 1.046846053039636, 4.377163831391035]
[128, 109, 127]
[0.8945873880548572, 1.116207353762227, 4.70871154962759]
[92, 74, 95]
[-2.695780274852519, 0.7332339314430143, 8.456154146323085]
[208, 162, 145]
[-2.692431597727561, 0.8957240681646005, 8.425970797706185]
[205, 161, 144]
[-2.455033429817773, -1.352243939601223, 8.142311416764692]
[139, 103, 102]
[0.7559743259085472, -0.7883049365000383, 5.071250873137416]
[70, 57, 82]
[1.221864553843062, 0.2166270528407015, 4.463573578921856]
[96, 80, 102]
[0.1127266179028248, 0.5943370808062477, 4.95884645862633]
[42, 31, 62]
[-0.3593453293776251, 0.7566410754265656, 5.405921503899244]
[52, 36, 69]
[0.7729177938113123, 0.8548229024325807, 4.870246566236369]
[127, 112, 132]
[1.150811290037332, 1.277290794786631, 4.311829026077692]
[129, 112, 118]
[0.850823149073512, -1.231939299876139, 4.998645555134722]
[80, 60, 86]
[0.6953357356666215, -1.163434580176195, 5.165226256929103]
[136, 116, 132]
[0.6937064988611714, -1.146341029825086, 5.164889199587209]
[75, 62, 86]
[1.018162577610104, -1.011667866064063, 4.802978296107584]
[88, 69, 89]
[-2.257099163703505, -0.8774370552316312, 7.900958671170125]
[75, 62, 84]
[0.5634968120934792, -0.3945018957025894, 5.229287338304093]
[74, 60, 88]
[-0.2605922148639375, -0.1105305194165112, 5.783509639627312]
[38, 28, 66]
[0.6632885613950492, 0.002049590082919043, 5.071047705931577]
[139, 118, 138]
[-0.2590185567623263, 0.08531694594851036, 5.762434299919685]
[35, 28, 65]
[0.6609441677339832, 0.1815288532878036, 5.059096406140456]
[142, 124, 140]
[1.047254049308645, 0.1615664853826499, 4.649941724628352]
[78, 66, 91]
[-0.1568855503831697, 0.3192307094078253, 5.637914632746744]
[36, 27, 66]
[1.157413151996483, 0.205368176754005, 4.527008369476367]
[96, 78, 102]
[1.217008693746679, 0.2308011860264838, 4.463999121745282]
[131, 115, 138]
[0.5792320429610752, 0.4905419028843575, 5.103528667970273]
[132, 120, 142]
[-0.7002048211047003, 0.6790770958986374, 5.737674452711982]
[56, 40, 73]
[-2.462205397088853, 1.093496158771604, 7.755285464041128]
[121, 90, 85]
[1.152776011061142, 0.7391884569974172, 4.487658924062199]
[68, 50, 65]
[-2.479566662206842, 1.258971453434733, 7.740798021016233]
[108, 84, 78]
[-2.479566662206842, 1.258971453434733, 7.740798021016233]
[108, 84, 78]
[-0.1307946620846906, 0.9011852427952646, 5.099367524362467]
[58, 58, 91]
[1.041159237208422, 1.129891355413021, 4.564937442839601]
[124, 110, 127]
[-1.655521976824984, 1.291111828142187, 5.136961846281205]
[91, 74, 108]
[-1.655521976824984, 1.291111828142187, 5.136961846281205]
[91, 74, 108]
[-0.9078973084906677, 1.250174634099059, 4.6927860688426]
[114, 94, 130]
[-1.637221587465922, 1.326542739113296, 5.068905526494111]
[60, 46, 78]
[-0.9095219220085102, 1.287881015012107, 4.660731746501925]
[71, 56, 94]
[0.9277157974116732, -1.426517882705084, 4.936191600779297]
[120, 104, 127]
[0.8498852918545364, -1.319517568997814, 5.020100559221136]
[72, 56, 78]
[0.568992755449953, -1.282431221224632, 5.300919454707241]
[76, 62, 83]
[0.2490797334434209, -1.218489253174335, 5.638457829872936]
[148, 126, 148]
[0.9052171997121973, -0.9766375282592109, 4.917432684305573]
[134, 120, 142]
[0.2543903955366211, -0.9483733157190898, 5.593836981763659]
[131, 114, 142]
[1.063789135972489, -0.6231630768802715, 4.713711025533061]
[68, 52, 72]
[1.063789135972489, -0.6231630768802715, 4.713711025533061]
[68, 52, 72]
[1.014693941449888, -0.6107082729334348, 4.770823218190844]
[69, 56, 76]
[1.014693941449888, -0.6107082729334348, 4.770823218190844]
[69, 56, 76]
[1.053412831779451, -0.4572361338465215, 4.714284628391407]
[64, 52, 75]
[0.918264809781594, -0.06448883944351391, 4.831505801123791]
[120, 104, 130]
[-0.8271225285755065, 0.3219776929734936, 5.888288865030185]
[161, 173, 177]
[-0.8271225285755065, 0.3219776929734936, 5.888288865030185]
[161, 173, 177]
[0.6901367464047072, 0.2916724618249049, 5.01825225224502]
[76, 56, 78]
[1.254751068028174, 0.2609030234574394, 4.424552314914731]
[128, 115, 139]
[-2.462109297632829, 1.062780805815777, 7.759210072591673]
[120, 92, 98]
[0.8226378148182729, 0.8056285286023011, 4.831712157481229]
[156, 132, 147]
[1.106389687026453, 1.110000772906559, 4.507148890047209]
[50, 39, 47]
[-1.935100300384441, 1.311053088798467, 5.383647903601274]
[94, 74, 105]
[0.0625078514373975, 1.379911235456171, 4.834532464643853]
[48, 44, 59]
[-1.782536652954603, -1.433095889716043, 7.578369096541429]
[49, 42, 56]
[0.6225634768414708, 0.307658659070835, 5.089569699024456]
[70, 53, 73]
[-2.459512068521698, 1.024317353275406, 7.773565682501612]
[111, 89, 99]
[-0.5225245154246562, 1.027309840041847, 5.428326034943252]
[96, 84, 134]
[0.8355615746022017, 1.136123792343036, 4.786249160026635]
[136, 110, 126]
[1.143426423725285, 1.074355331094107, 4.457792762138443]
[129, 112, 138]
[-2.448951857651984, -0.9285719584465097, 8.057412796715957]
[128, 108, 126]
[-2.457814063254605, 0.6448652294275854, 7.824219025115251]
[108, 86, 100]
[-2.457582681657225, 0.8943788188253303, 7.778646023024041]
[104, 84, 101]
[0.1071800430098006, 0.8492207915152352, 4.862228839917955]
[25, 26, 42]
[0.9977229811340811, 1.0836125975943, 4.614258041883199]
[119, 96, 114]
[0.8866845265296742, 1.161201558088919, 4.728047754777738]
[140, 114, 129]
[1.084760383964615, 1.13780499410586, 4.513528851649972]
[128, 112, 138]
[-1.267518635007245, 1.296192702849983, 4.733440080189125]
[53, 45, 81]
[0.8406442983870789, -0.6119750165941881, 4.946913449194098]
[84, 70, 74]
[0.879424467465148, 1.078750631276332, 4.734748469956498]
[117, 103, 127]
[1.055472817136298, 1.077260983610578, 4.547040400176566]
[134, 116, 140]
[-2.434976886696846, 0.1004961264158237, 7.905073976174073]
[114, 86, 101]
[-0.9318076341834614, 0.921407520480788, 5.830371219610585]
[58, 49, 71]
[-2.421134958235072, -1.004182194979579, 8.09138259024852]
[112, 82, 102]
[0.86727642770396, 0.5057995852498058, 4.808347353556345]
[100, 87, 112]
[0.02837640775739127, 1.255056734652272, 4.908718648324407]
[109, 88, 130]
[0.4833501183278358, -1.270824147265896, 5.430541895540733]
[84, 67, 89]
[-0.733675439797055, 0.9402617913974433, 5.63400336043866]
[121, 73, 46]
[-1.568898985845201, 1.274281575702954, 4.822400130484683]
[58, 44, 84]
[1.014755355081485, -1.431819263079044, 4.904126452751312]
[68, 48, 62]
[1.069560942824044, -0.2680139305142659, 4.7093305358689]
[64, 48, 71]
[-1.976825301021678, 0.07945423627926489, 8.416694764289652]
[134, 110, 124]
[-0.4057245360810376, 0.7848761541803733, 5.37274768823342]
[44, 36, 76]
[1.038913787611652, 0.7727975383676925, 4.593499740661512]
[138, 122, 134]
[-1.496393918659307, 1.037128907403166, 4.843794038370586]
[54, 40, 78]
[-1.468631997617114, 1.033588485242327, 4.816253539152767]
[60, 46, 88]
[0.00252089935118798, 1.221366396737548, 4.825330850259451]
[139, 117, 166]
[-1.326078442742158, 1.237160996636761, 4.540568119456894]
[43, 34, 60]
[0.8791937166824152, -1.412590367456202, 5.045249816644303]
[52, 34, 48]
[-1.673174622176743, -1.357490029393652, 8.052738757551431]
[132, 114, 136]
[-0.6010581265627285, 0.6877189023262358, 5.612713988138413]
[42, 32, 58]
[1.091347135978209, 0.7638177979178838, 4.540242269174581]
[128, 114, 136]
[0.7949629944863545, 1.110055023837446, 4.802146771603933]
[62, 46, 58]
[0.9152792258813852, 1.127055172524372, 4.678761038872137]
[142, 114, 117]
[1.105904414718394, 1.104740979832626, 4.48940402651195]
[52, 38, 43]
[1.014657396354239, 1.134659781372142, 4.584497545401198]
[127, 111, 135]
[-0.08495348100023671, 1.174599231927121, 4.94185586449906]
[42, 34, 62]
[-2.145234194062547, 0.8011382849048333, 3.746738869182311]
[104, 82, 122]
[-1.669942522110505, 1.288629996735487, 4.942711616092709]
[51, 42, 78]
[-0.5948663986923144, -1.057865348561858, 5.925211251047608]
[102, 80, 112]
[0.4883077575414259, -0.5516317699145449, 5.341262631209727]
[60, 50, 70]
[-1.761084764615192, 1.721420947762966, 7.769273804653565]
[38, 34, 35]
[0.7812275901542017, -1.002898294635534, 5.092309623657132]
[72, 62, 79]
[-0.1197365304293462, 0.7094044301995929, 5.063168959143103]
[69, 61, 88]
[0.7852920149033609, 1.074181173154624, 4.809375314047068]
[134, 114, 136]
[-1.16352664369754, 0.9691523283054695, 6.159617857351421]
[63, 54, 82]
[-0.7372088607547573, 0.9006582938205466, 5.6293475881184]
[52, 45, 58]
[0.8473778908304808, -1.327225330671663, 5.081695398317911]
[76, 60, 89]
[-1.140133354654265, 1.285638152274159, 4.791145354176022]
[94, 77, 108]
[-1.140133354654265, 1.285638152274159, 4.791145354176022]
[94, 77, 108]
[-1.517158324863091, 1.315067136358242, 5.136399023465717]
[96, 80, 112]
[-1.517158324863091, 1.315067136358242, 5.136399023465717]
[96, 80, 112]
[-1.435216831568883, 1.309806695572564, 5.066048725150693]
[100, 78, 105]
[-1.435216831568883, 1.309806695572564, 5.066048725150693]
[100, 78, 105]
[-1.400808830073059, 1.307775833175659, 5.034661988042956]
[106, 86, 122]
[-1.687823919157168, 1.329457466990151, 5.295587502575112]
[100, 78, 115]
[-1.687823919157168, 1.329457466990151, 5.295587502575112]
[100, 78, 115]
[-1.585614131132033, 1.321604758680116, 5.20184803428761]
[93, 74, 111]
[-1.585614131132033, 1.321604758680116, 5.20184803428761]
[93, 74, 111]
[-1.794221302209805, 1.3736572178951, 5.344873063115059]
[48, 41, 73]
[-0.7599977408396396, 0.9272249714596823, 5.825786364299931]
[60, 51, 68]
[-0.7014091837872654, 0.9235211916755173, 5.778290198457107]
[60, 50, 64]
[-1.713159310271313, -0.8909376774788822, 7.987999424787705]
[61, 50, 76]
[-1.350458747990151, -0.7594390560673238, 7.394377663676688]
[60, 48, 74]
[-2.039523849889736, -0.4068330142206601, 8.027256573595862]
[124, 105, 123]
[-1.83105565971752, -0.2507683500775163, 7.61708796938418]
[54, 38, 59]
[-2.370569426242876, -0.2218499779183705, 8.208875727198413]
[139, 115, 129]
[-2.548791719910918, 0.4212225535212733, 7.449288933476768]
[137, 122, 136]
[-2.766762434585177, 0.4185430195364831, 7.623260147299009]
[146, 122, 124]
[-1.050643573117615, 0.5166800259634783, 5.875966947131572]
[134, 114, 170]
[-1.00211466324601, 0.639099651599439, 5.676079549632831]
[60, 42, 73]
[-2.939809348718664, 0.5878373880501853, 7.412069280285147]
[78, 59, 65]
[-2.099211353006488, 0.7338794232741784, 6.581663766583009]
[106, 93, 145]
[-2.099211353006488, 0.7338794232741784, 6.581663766583009]
[106, 93, 145]
[-2.825473848965389, 0.7885878399548415, 6.912441214428022]
[108, 90, 100]
[-3.318392189953299, 0.7963241977391934, 7.084057729117319]
[134, 112, 118]
[-1.378040868224425, -0.9048443109316002, 7.514841082100753]
[56, 47, 64]
[-1.842074897904566, -0.7490531963962456, 8.070094781366571]
[122, 106, 122]
[-1.842074897904566, -0.7490531963962456, 8.070094781366571]
[122, 106, 122]
[-0.7133069612903006, -0.6263005513164603, 6.429219452209865]
[78, 70, 116]
[-2.159320257666252, -0.4096507236903938, 8.17679187103726]
[139, 116, 128]
[-1.795598118480994, -0.4080762351538636, 7.725442826311098]
[136, 110, 124]
[-2.18969392804985, -0.3428849882754034, 8.142431264384708]
[92, 62, 82]
[-2.18969392804985, -0.3428849882754034, 8.142431264384708]
[92, 62, 82]
[-2.201487076157456, -0.3239934723465281, 8.135290328147033]
[84, 56, 68]
[-2.201487076157456, -0.3239934723465281, 8.135290328147033]
[84, 56, 68]
[-0.6099302662674335, -0.4201458094296837, 6.173678081684915]
[115, 97, 140]
[-2.199639171111518, -0.2337947973158779, 8.032073417487489]
[73, 50, 64]
[-1.816172700009586, -0.2538454709496341, 7.60198205208968]
[60, 46, 64]
[-2.140817314149837, -0.09060978146185833, 7.798110953135884]
[112, 99, 124]
[-2.075372194232803, -0.07713008050302463, 7.707052849382913]
[58, 44, 58]
[-2.075372194232803, -0.07713008050302463, 7.707052849382913]
[58, 44, 58]
[-2.050756275018276, -0.02186764649378179, 7.615699285348032]
[120, 102, 122]
[-0.05590455766593114, 0.1622250283512976, 4.917218790465127]
[144, 124, 145]
[-2.819800972811002, 0.4945406235925374, 7.515794021663901]
[74, 23, 28]
[-0.8685158430340786, 0.5675048543556899, 5.598661464899345]
[74, 65, 106]
[-2.781722077034904, 0.5554376478711488, 7.376996866892706]
[127, 102, 110]
[-2.257649603716098, 0.6435861762925096, 6.875294996831436]
[34, 28, 46]
[-2.472541337224661, 0.6263577611160643, 7.020668143068926]
[84, 76, 102]
[-0.485681568062242, 0.9752297033572548, 4.62041697369478]
[144, 124, 138]
[-2.649159381275219, 1.077598336914038, 6.1949909052045]
[50, 42, 56]
[-1.560202563395786, 1.343455282649043, 5.069250839700633]
[62, 49, 80]
[-2.089957180331838, 1.332290662357572, 5.400637953329039]
[49, 40, 70]
[-2.146368346165628, 1.330046948459326, 5.434129030682329]
[48, 39, 68]
[-1.695777857638079, -0.8938949635192235, 7.964817185162454]
[59, 52, 74]
[-1.207139566365622, -0.969003829396933, 7.294856424969229]
[88, 76, 110]
[-1.440145294346173, -0.5873549741214538, 7.405671566879227]
[58, 48, 69]
[-1.391324591679512, -0.5759810751230224, 7.331327328089169]
[138, 114, 130]
[-0.7955018099976001, -0.6049814951004941, 6.53729736075545]
[36, 27, 57]
[-0.6731313929404983, -0.5632426671257014, 6.336500612912475]
[38, 30, 60]
[-0.04008106288085606, -0.480990419830666, 5.262280356352661]
[63, 50, 70]
[-1.90974250842203, -0.2464624551885724, 7.707289120449437]
[64, 48, 64]
[-2.399521940285745, -0.09264262797751141, 8.078930835557721]
[140, 113, 127]
[-1.867794218121055, -0.09547024528224467, 7.493770612290932]
[126, 114, 136]
[-1.62713897349758, 0.2581687195136111, 6.817370077896172]
[36, 29, 58]
[-2.289932630741511, 0.5173361322446649, 7.067301364102312]
[53, 40, 55]
[-1.283081587500452, 0.6358658574573464, 5.977295907546952]
[206, 157, 138]
[-0.1938659941574717, 0.5746579493277378, 4.746667801964766]
[129, 115, 140]
[-1.211298797834078, 0.6614514947379588, 5.86630691015754]
[64, 46, 82]
[-1.271381853210388, 1.306007076975703, 4.947628992197658]
[103, 84, 108]
[-1.315511836257186, 1.306491188767025, 4.978754808770889]
[104, 84, 114]
[-1.521777838271678, 1.342824449531843, 5.046224369677143]
[65, 52, 86]
[-1.347987074929765, 0.8237328913316776, 5.767432704134233]
[58, 48, 58]
[-0.6773945113020571, -1.188956467761844, 6.573247130548848]
[106, 90, 140]
[-0.6926946044483067, -0.5681933212234136, 6.368439966786399]
[31, 30, 60]
[-2.652750726033009, 0.4178696891227261, 7.537732056077161]
[49, 34, 26]
[-2.856168390718071, 0.5293455389911885, 7.477957003340729]
[26, 18, 12]
[-1.432163386850818, 0.9485193671707415, 5.765602622956299]
[75, 62, 116]
[-2.807296526352, 0.8027947587064304, 6.870944607209811]
[108, 92, 108]
[-2.078598825616613, 0.7085819636340454, 6.608769063754119]
[102, 86, 138]
[-1.320338962936923, -0.904698156365269, 7.529632082593794]
[117, 107, 136]
[-1.524075761822078, -0.7044045623918606, 7.645255094265245]
[48, 28, 48]
[-1.991561263296751, -0.5776936966886826, 8.037415768554968]
[64, 48, 62]
[-1.527042562636969, -0.4805929807230122, 7.496505136658323]
[72, 52, 68]
[-1.88877293426704, -0.223154564545315, 7.633194450110921]
[58, 46, 62]
[-1.894981491518107, -0.2125833743617758, 7.628352418352749]
[134, 116, 134]
[-1.715174956610356, -0.1957546651303027, 7.448655952930203]
[120, 100, 122]
[-1.951034232539153, -0.04938934508910391, 7.518528501753732]
[134, 119, 136]
[-1.951034232539153, -0.04938934508910391, 7.518528501753732]
[134, 119, 136]
[-2.111234236568796, -0.008875005172102162, 7.608099479397324]
[68, 54, 75]
[-2.56239340256234, 0.2821113817427833, 7.578795937166561]
[50, 44, 60]
[-2.56239340256234, 0.2821113817427833, 7.578795937166561]
[50, 44, 60]
[0.3800362683107388, 0.5754398176571213, 5.034054550601048]
[247, 204, 182]
[0.3412884521538862, 0.6484695359198414, 5.015987686783906]
[216, 178, 166]
[-0.04701805479466099, 0.5291233076475931, 5.158078230886527]
[240, 198, 178]
[-0.08530024145488148, 0.4217938910148717, 5.054069861304222]
[242, 199, 181]
[-2.749668939013854, 0.5452025583413865, 7.28073158190887]
[44, 36, 46]
[-2.163836496676961, 0.7417223953269215, 6.593347105361719]
[96, 86, 138]
[-3.626176179729009, 0.8183178259185913, 6.843995116943227]
[54, 46, 48]
[-1.332879338421055, -0.882613413823589, 7.534196446454655]
[129, 110, 132]
[-2.026532156026784, -0.7827310224429493, 8.22750441125452]
[41, 24, 32]
[-2.244453498358235, -0.4297764408474172, 8.150930458820254]
[119, 98, 119]
[-2.265358020323342, -0.2784782639194551, 8.022926111931636]
[122, 98, 120]
[-2.030175996788381, -0.2406738378155059, 7.778585988738241]
[65, 46, 58]
[-2.146793093661178, -0.2425138357154781, 7.883605009955743]
[136, 117, 135]
[-1.995902717184758, -0.2359849030918435, 7.743317605224235]
[54, 40, 58]
[-2.256897205852031, -0.1890837014467852, 7.92665604538193]
[71, 51, 67]
[-2.35502946743782, -0.004225860526978055, 7.79988121747204]
[138, 113, 126]
[0.4157998350321755, 0.3746829076012639, 5.14240215508694]
[243, 200, 181]
[0.4348023697962151, 0.3741356755311183, 5.122595851576197]
[246, 204, 184]
[0.2008210682843301, 0.4644996818737188, 5.211796410657646]
[173, 128, 120]
[0.4007576458352087, 0.4494872069625885, 5.107554883736606]
[229, 188, 171]
[0.08850597263600511, 0.548938902277478, 5.256490518230965]
[238, 194, 178]
[-2.43067090194896, 0.2799083810309048, 7.493889904305603]
[113, 98, 114]
[0.2822355094429248, 0.3715934329535102, 5.119971982014723]
[166, 118, 114]
[-1.139207952132569, 0.4259504004062891, 6.280076677326502]
[130, 147, 155]
[0.08615893985277336, 0.5495446685591751, 5.181945343097559]
[237, 194, 178]
[-0.1458213911069865, 0.5639915951635528, 5.35512606364949]
[85, 64, 86]
[-2.861816828550332, 0.3737642534117867, 7.616986121861252]
[114, 98, 113]
[-1.14447687879212, 0.643081437505023, 6.076385024055366]
[128, 111, 163]
[-0.1328623603637183, 0.3312798687164105, 5.101467792830473]
[164, 118, 115]
[0.2889179808599228, 0.8322275626259192, 4.900647374183006]
[199, 165, 148]
[-1.508197453471373, 0.7347139475569102, 6.211036366885067]
[58, 46, 73]
[-2.047633859938575, 0.6717953429006976, 6.63134329589848]
[56, 44, 74]
[-2.359841926697957, 0.62253797977926, 6.873623251413051]
[38, 32, 48]
[-2.792419059686554, 0.6155715371348545, 7.179318006281004]
[48, 36, 44]
[-3.125894424750612, 0.5553156992999165, 7.417603925128128]
[74, 60, 66]
[-3.069340649704166, 0.6578028287775237, 7.201019580419689]
[112, 92, 99]
[-2.098008193798169, 0.8458341388759408, 6.219999438605639]
[51, 44, 88]
[-2.880688704275514, 1.003789355723595, 6.357699781838637]
[54, 46, 58]
[-1.218263619529634, -0.885387072067456, 7.402770045920906]
[70, 56, 81]
[-1.227545098867815, -0.8473798364948589, 7.393828139077533]
[86, 74, 107]
[-1.951298628014826, -0.7739695299572165, 8.143048918960998]
[72, 54, 69]
[-1.26429985694238, -0.8038024574978008, 7.414965949580458]
[69, 56, 76]
[-1.860645631523904, -0.4201458667569934, 7.781310930411311]
[108, 94, 118]
[-2.355353695616856, -0.01831390204323198, 7.816398588203831]
[48, 37, 52]
[-2.123266625236855, 0.02471123917031208, 7.581820750308404]
[53, 44, 58]
[-2.140422260628881, 0.03725276325129385, 7.581246465595638]
[135, 117, 134]
[0.4539960417450095, 0.1645642514247463, 5.229825803890967]
[244, 200, 186]
[0.4110532348279489, 0.781515760114173, 5.275567741702523]
[164, 124, 117]
[0.2465568733564482, 0.758226071729332, 5.188094293917002]
[160, 122, 115]
[0.3886853977416463, 0.4625607522822589, 5.110860509469997]
[156, 116, 108]
[-2.316106395400464, 0.314363353062355, 7.372013838919615]
[58, 49, 66]
[0.2431937594285283, 0.7583340883778759, 5.110400211444722]
[160, 122, 115]
[0.3612469107705084, 0.5755501556676479, 5.052783820789155]
[241, 196, 179]
[0.3281433801987588, 0.6593157720207432, 5.019178845216454]
[158, 117, 106]
[0.2918610653808907, 0.769047975785995, 4.957814283412907]
[239, 195, 178]
[-2.167459617978412, 0.7520982624312378, 6.579754526950216]
[38, 32, 58]
[-1.431950541563661, 1.523973897465171, 5.371165463559779]
[82, 68, 92]
[-1.677886340272007, 1.444945689429599, 5.433379408339557]
[80, 66, 90]
[-1.751627701643534, 1.35097006405632, 5.323253474912151]
[106, 86, 116]
[-2.438551055911014, 1.160861677694385, 5.781815070615302]
[45, 40, 64]
[-1.941713731678819, 1.273957169792938, 5.377669138830837]
[100, 82, 110]
[-1.747984903891621, 1.332989729171309, 5.200720168359156]
[50, 38, 56]
[-1.880728104034523, 1.31373597624767, 5.278944055357296]
[54, 45, 78]
[-1.604646802585821, -0.8511675173202009, 7.821513051033857]
[128, 104, 124]
[-1.955560615558012, -0.5791486739007958, 8.002582361853504]
[50, 42, 50]
[-1.965847833430962, -0.3970603320007515, 7.861813818219919]
[139, 115, 130]
[-2.213425621397684, -0.255698046021658, 7.956169603194571]
[68, 52, 68]
[-2.320791128951396, -0.2544652986005115, 8.04799615385925]
[142, 114, 124]
[-2.177460369808015, -0.07630687509552339, 7.737885777458702]
[42, 34, 42]
[-0.1213101146050445, 0.1997121801562671, 5.601487220871344]
[145, 124, 142]
[-2.384049278304621, 0.2867643150227783, 7.452982589220481]
[45, 37, 50]
[-2.70545169103724, 0.3825684772869221, 7.517407406576814]
[110, 88, 99]
[-1.488018737411155, 0.9138369980710216, 5.955283525773151]
[60, 52, 65]
[-3.353256287732189, 0.6649304845857427, 7.249392065475604]
[134, 109, 120]
[-2.244638210449014, 1.154850128087862, 5.728067828604079]
[40, 36, 54]
[-1.451701013620927, 1.337343873399368, 5.089298821039397]
[103, 84, 108]
[-1.976355286187415, 1.239955861761078, 5.367940714129182]
[100, 82, 112]
[-1.976355286187415, 1.239955861761078, 5.367940714129182]
[100, 82, 112]
[-1.285581501058815, -0.8153683722495604, 7.444825729032874]
[70, 57, 81]
[-2.286213625161941, -0.09504759175980226, 7.847981624863465]
[49, 40, 50]
[-2.052196034479517, -0.0345158752924601, 7.587652578101509]
[121, 102, 123]
[-2.185599327493777, 0.1233912123936779, 7.517777781860081]
[71, 60, 76]
[-2.185599327493777, 0.1233912123936779, 7.517777781860081]
[71, 60, 76]
[-3.226021226736556, 0.5869470103638098, 7.386610616221192]
[98, 72, 76]
[-3.500093811201624, 0.8628155701584425, 6.751747498358196]
[39, 34, 32]
[-2.852320300297701, 0.4694850111449057, 7.45601619040021]
[130, 106, 118]
[-2.953010442375508, 0.4450858026795344, 7.543627186061617]
[52, 32, 24]
[-2.953010442375508, 0.4450858026795344, 7.543627186061617]
[52, 32, 24]
[-2.340391014221703, 0.287756894142059, 7.424185662462391]
[59, 52, 64]
[-1.595761784528797, -0.985400357876847, 7.500406527058799]
[105, 97, 118]
[-1.074578188021406, 0.08835067612729079, 4.72545029024785]
[243, 198, 185]
[-0.5586990812379335, 0.2742621345547583, 4.556998386610884]
[244, 201, 183]
[-1.840798410291906, -0.4609905912855221, 7.745385717538762]
[125, 106, 126]
[-2.074419021074617, -0.4111533519628165, 8.033343546222806]
[126, 98, 120]
[-0.5731442126506273, -0.4893698091893368, 4.858239828358855]
[118, 85, 92]
[-0.686145157184311, -0.07895436020526771, 4.503967886782694]
[166, 121, 110]
[-0.5841066891589217, 0.007428608165435354, 4.627521721387983]
[177, 131, 124]
[-0.551634494515487, 0.02212831249984263, 4.677133879111028]
[240, 196, 182]
[-0.5715310967829189, 0.1046508871298781, 4.604981882533726]
[246, 201, 184]
[-0.6364462885323151, 0.09783317132218064, 4.498171293939976]
[242, 198, 182]
[-0.6054797788035184, 0.2640269539693587, 4.46706260598773]
[240, 195, 181]
[-0.4864698930881755, 0.3505779183326771, 4.659760320139338]
[202, 170, 154]
[-0.5336518229192988, 0.5291502511968464, 4.478661166597974]
[235, 191, 176]
[-0.4726122261634118, 0.5536439787965864, 4.5921130056689]
[242, 198, 182]
[-1.982617497102002, 1.254342216667439, 5.764784142690825]
[36, 30, 50]
[-1.987044355323194, 1.364081199412642, 5.9618923037266]
[52, 46, 72]
[-1.996473083191149, 1.325474603517761, 5.733984953065862]
[50, 40, 55]
[-2.166482947490154, -0.4460109537687456, 8.153100845538612]
[129, 105, 117]
[-2.151540526065878, 0.5420786739012295, 7.807650277028252]
[42, 34, 43]
[-1.988282288965997, 1.353480064394792, 5.883659076389733]
[52, 43, 60]
[-1.988282288965997, 1.353480064394792, 5.883659076389733]
[52, 43, 60]
[-0.7946872429185071, -0.8017543504218145, 4.696843675678673]
[178, 140, 145]
[-0.735369668798132, -0.5187983610999433, 4.644093925801854]
[180, 142, 145]
[-1.94946867673648, 0.03667549757005097, 7.736851006785675]
[66, 54, 68]
[-1.94946867673648, 0.03667549757005097, 7.736851006785675]
[66, 54, 68]
[-1.168665488480332, -1.179311615612026, 4.317585555710408]
[149, 92, 87]
[-1.07573995678848, -1.230376102151661, 4.206712878650185]
[158, 106, 100]
[-1.246644977003706, -1.08045660277849, 4.891170445659521]
[131, 95, 102]
[-1.062726799401334, -1.215253497364305, 4.220009923026715]
[148, 92, 80]
[-1.080538430939995, -1.205901766196387, 4.207077383820831]
[147, 97, 89]
[-1.913847655505579, -0.6392865266370386, 7.576974083386837]
[70, 54, 66]
[-1.06776267324663, -1.178877945386666, 4.220093295665142]
[145, 86, 85]
[-0.965317875315738, -1.213302536959682, 4.125326575489264]
[140, 82, 74]
[-0.9700262296945201, -1.17611864629556, 4.125178543090483]
[152, 90, 92]
[-1.095480501870377, -1.171159308060129, 3.879823417978963]
[144, 93, 80]
[-0.8719187310144543, -1.208770792254261, 4.034132734801681]
[150, 92, 86]
[-2.348422840128698, -0.4334812328695403, 8.18383264141394]
[78, 58, 74]
[-0.5602651918654462, -1.310053394123137, 3.540435386609739]
[154, 100, 88]
[-1.286100357767858, -0.9375291269514224, 4.77212649027395]
[194, 154, 178]
[-1.008943735154197, -1.166864141682171, 3.78799258695728]
[136, 88, 78]
[-1.504833512362268, -0.8792606104992305, 4.406915242944041]
[234, 189, 176]
[-1.213487545933354, -0.8490105979497443, 4.885664723409571]
[190, 153, 142]
[-2.320580928777127, -0.3546364405064156, 8.174215147323764]
[88, 66, 84]
[-2.310181474197089, -0.3560564936733727, 8.163951738200451]
[126, 103, 120]
[-2.266968416592996, -0.347412809650422, 8.121426264120965]
[128, 105, 118]
[-1.730178706943256, -0.3869012924065451, 7.307398448181945]
[113, 96, 116]
[-1.893855447414088, -0.2766628457912999, 7.654995799447143]
[119, 98, 119]
[-1.85876174344947, -0.2117478217417652, 7.6114550423795]
[80, 67, 93]
[-1.85876174344947, -0.2117478217417652, 7.6114550423795]
[80, 67, 93]
[-1.934398700706717, -0.1048622806228633, 7.767047969284362]
[133, 113, 134]
[-1.22831138142213, 0.1531799978764496, 4.657290407542266]
[74, 52, 55]
[-1.519341830058408, 0.2161018568835278, 6.227456518484073]
[128, 142, 155]
[-1.60230983634664, 0.3455198697292035, 4.273022646101832]
[222, 182, 166]
[-1.469268774196225, 0.4635766047359464, 5.619691464631376]
[146, 124, 166]
[-1.599247328579925, 0.4398118857784188, 4.275773366645811]
[101, 75, 96]
[-1.471522667775983, 0.4844965756388986, 5.614818750436172]
[140, 121, 164]
[-2.020208985492891, 0.4981099797893816, 8.059881620304651]
[66, 26, 36]
[-2.015836999378717, 0.5129215618328078, 8.057635040311887]
[58, 16, 24]
[-1.759013902725588, 0.8440798461888112, 6.345208393350005]
[40, 34, 70]
[-2.028747265274127, 1.165460452277283, 5.805108317926869]
[39, 28, 64]
[-1.369255432242327, -1.320211199693101, 4.700246227442289]
[154, 102, 90]
[-1.322257688275301, -1.25307887454366, 5.052230044506971]
[153, 98, 92]
[-1.237462454182842, -1.30970931758206, 4.989453457467004]
[154, 100, 92]
[-0.6977073957234413, -1.601521015157361, 4.306637477641435]
[228, 184, 170]
[-1.368261413953083, -1.295578213018546, 4.695316338460039]
[151, 98, 86]
[-1.537994798479605, -1.291455125564022, 4.399647027253945]
[194, 150, 141]
[-1.405070239605277, -1.173034176452012, 5.110291607362046]
[149, 94, 88]
[-1.405070239605277, -1.173034176452012, 5.110291607362046]
[149, 94, 88]
[-1.54997289622645, -1.282363213858211, 4.37838817815677]
[178, 136, 134]
[-0.6902921064539588, -1.551251201902977, 4.313032258978168]
[164, 110, 99]
[-1.315882161941617, -1.194718177213149, 5.040486703218098]
[159, 102, 93]
[-1.315882161941617, -1.194718177213149, 5.040486703218098]
[159, 102, 93]
[-1.313833133106461, -1.16967835373281, 5.035403437170122]
[149, 95, 90]
[-1.313833133106461, -1.16967835373281, 5.035403437170122]
[149, 95, 90]
[-1.365047594378406, -1.224520694789972, 4.682729084171217]
[142, 91, 84]
[-1.621357024046169, -1.217459643501207, 4.261839153287833]
[176, 133, 126]
[-1.650331612012224, -1.206266092355516, 4.22200629432036]
[85, 53, 71]
[-1.44075913865649, -1.205912656171438, 4.55053846719721]
[131, 110, 126]
[-1.224653178684088, -1.189594854428563, 4.965164689571283]
[156, 104, 92]
[-0.9400867926227593, -1.318482545160719, 4.503951318900639]
[162, 108, 95]
[-1.151900014689191, -1.229510956978215, 4.892700180894114]
[252, 211, 198]
[-1.224062623261924, -1.163943500520789, 4.961358380821091]
[152, 102, 94]
[-1.224062623261924, -1.163943500520789, 4.961358380821091]
[152, 102, 94]
[-2.094380591507183, -0.621726792658126, 7.851367812300314]
[120, 98, 122]
[-1.495426811936426, -1.115694118881759, 4.431640697115562]
[240, 197, 184]
[-1.361202813550075, -1.114323567788784, 4.664525475525883]
[144, 96, 85]
[-1.146413021539205, -1.195374442392124, 4.337186792440271]
[170, 112, 98]
[-1.336800080686564, -1.101365256163323, 4.707880434655124]
[173, 116, 100]
[-2.239570921889224, -0.548481468873483, 8.046250158489384]
[133, 101, 106]
[-1.351854860652177, -1.088605220869405, 4.681214402458901]
[152, 90, 92]
[-1.469125998371961, -1.084911609140128, 4.474062735339675]
[151, 96, 85]
[-2.263472804932629, -0.5319953860797847, 8.074732374107175]
[128, 100, 108]
[-1.497575829211359, -1.077803560028695, 4.429252517956224]
[248, 204, 192]
[-1.334910385978076, -1.075915103171398, 4.702853550099396]
[156, 102, 88]
[-1.544943438464317, -1.008787875665432, 4.539768008045653]
[160, 104, 93]
[-1.396675937824751, -1.077996834917613, 4.400885366240941]
[144, 90, 82]
[-1.795938547286377, -0.6566747119151614, 7.350560038340969]
[56, 43, 67]
[-2.033408792669662, -0.5437807292434539, 7.793241630577653]
[52, 38, 56]
[-1.326900878010371, -1.069327079268251, 4.329825186983101]
[150, 98, 82]
[-1.698346107771933, -0.9323425418513899, 4.302705555932079]
[250, 210, 188]
[-1.649700607369333, -0.969378299478738, 4.207242926105911]
[224, 184, 170]
[-2.167404350622852, -0.4269088922154018, 7.992270765583013]
[124, 102, 120]
[-1.342484594827877, -0.8576854786038154, 4.651979955642807]
[140, 153, 167]
[-1.728579471483429, -0.5297047374805403, 7.253651150755476]
[102, 89, 106]
[-1.212851201540099, -0.7875502810082137, 4.855039205502175]
[212, 186, 192]
[-2.014682252839985, -0.4199412849866522, 7.800309235455636]
[132, 108, 126]
[-1.443133155376895, -0.6704621565832896, 5.722215298200487]
[88, 64, 95]
[-1.443133155376895, -0.6704621565832896, 5.722215298200487]
[88, 64, 95]
[-1.554258820961693, -0.7221321044819357, 4.32219402291857]
[185, 142, 146]
[-1.530803840390421, -0.7025993785602975, 4.350947649134204]
[254, 214, 194]
[-1.234550458378456, -0.6566665890837924, 4.784539310380005]
[234, 190, 180]
[-2.146427242754465, -0.2718541434823594, 8.006711855518624]
[142, 115, 126]
[-1.441032937818252, -0.5981158456474979, 4.462306487211229]
[208, 190, 186]
[-1.541246940839098, -0.5454102933634027, 4.333310294202585]
[254, 212, 196]
[-1.563328732773036, -0.5406014198385046, 4.30443961833047]
[191, 146, 136]
[-1.884296357673432, -0.2748185559595232, 7.636230371802513]
[131, 109, 127]
[-1.676253737296212, -0.511711425038841, 4.175238328673771]
[215, 177, 166]
[-1.254640281303872, -0.4578455326084942, 4.918925042587054]
[130, 86, 80]
[-1.51285796537897, -0.4520384544754337, 4.356256688674867]
[239, 202, 188]
[-0.9248638182284311, -0.8646156006086656, 3.902842091807726]
[167, 116, 98]
[-2.186259068985957, -0.1327689985186916, 8.089515005695432]
[58, 42, 54]
[-2.229272372524003, -0.1194551608608803, 8.135950942919697]
[133, 110, 123]
[-1.937313744047737, 0.04825291833850742, 7.815559177166482]
[110, 95, 112]
[-1.977954148952603, 0.06469352164318135, 7.879518423174879]
[60, 46, 56]
[-1.208248308394999, -0.005780635909204197, 4.702652635727174]
[158, 124, 122]
[-1.570112389464608, -0.0187317962196069, 4.292974191511218]
[166, 121, 114]
[-1.736486248770703, 0.06132323714661907, 4.144073643595968]
[80, 58, 79]
[-1.139887275844447, 0.1216297603572312, 4.764003023259494]
[112, 76, 68]
[-1.579234421482597, 0.1065828748221811, 4.282579930300237]
[230, 190, 172]
[-1.73385859864978, 0.1153471048307032, 4.147070675645056]
[216, 179, 166]
[-2.154246430082798, 0.2294494997370022, 8.145760356585653]
[130, 110, 121]
[-1.228655538393794, 0.22691841392042, 4.64957094531988]
[82, 59, 60]
[-1.650859650399454, 0.1967027209876497, 4.266833282401777]
[204, 164, 154]
[-1.139351855383644, 0.2556619213469908, 4.748590451056494]
[116, 76, 68]
[-1.595755953003188, 0.2857166734101457, 4.274825596809778]
[218, 177, 162]
[-1.499834187883641, 0.33091212991953, 6.273518418720552]
[66, 87, 110]
[-1.137260891429062, 0.3491883316695901, 4.734141041774477]
[112, 78, 69]
[-1.138271955264313, 0.3922943923432254, 4.730702350246852]
[119, 80, 70]
[-1.188697559097721, 0.3887330116343409, 4.674612060032071]
[207, 167, 158]
[-2.040720622386043, 0.3640045832207895, 8.047607590771568]
[61, 46, 57]
[-1.18126687702677, 0.5120711503734028, 4.670939161023473]
[98, 78, 101]
[-1.18126687702677, 0.5120711503734028, 4.670939161023473]
[98, 78, 101]
[-1.467373033012917, 0.4959076072084745, 5.622487534944704]
[54, 44, 100]
[-1.849292937961296, 0.5009967469053777, 7.819493202152962]
[112, 96, 101]
[-2.081135714145314, 0.4984736871183424, 8.136514575300211]
[72, 57, 64]
[-2.081135714145314, 0.4984736871183424, 8.136514575300211]
[72, 57, 64]
[-1.946660299647596, 0.8366913243689263, 6.07765325930144]
[52, 42, 86]
[-1.738411064690205, -1.07527557914822, 5.6462212066966]
[255, 214, 199]
[-1.545722544147933, -1.29899499084479, 4.384782966948057]
[86, 51, 68]
[-1.713792659277412, -0.9949211275512296, 6.421464459118569]
[32, 24, 50]
[-1.580271925127484, -1.268140490686005, 4.332084361958298]
[80, 52, 72]
[-1.533088723565402, -1.051624382678043, 6.31545721947275]
[34, 26, 50]
[-1.617264084755461, -1.233090785338802, 4.270308277368046]
[84, 51, 67]
[-1.767824703186152, -0.8330381279700577, 7.218832826375253]
[125, 109, 133]
[-1.428939744257171, -1.073779249844953, 6.219651282616192]
[36, 26, 50]
[-1.506103348025912, -0.9980437381003888, 6.097440778149564]
[35, 29, 54]
[-1.7796598017398, -0.7616242736550584, 7.274938618224442]
[72, 55, 72]
[-2.341601051176674, -0.5184144294227427, 8.158633875083739]
[78, 62, 74]
[-1.842538974089096, -0.6773156494922239, 7.435329561268349]
[132, 112, 128]
[-1.842538974089096, -0.6773156494922239, 7.435329561268349]
[132, 112, 128]
[-1.217195116488185, -0.9042042503433813, 4.890435706249646]
[247, 204, 188]
[-2.345096192804484, -0.4012307186638956, 8.187792101456315]
[132, 108, 122]
[-1.314404397765537, -0.880769564959356, 4.702871363556628]
[84, 69, 77]
[-2.264809560106974, -0.4047580153850607, 8.105393023837452]
[120, 96, 116]
[-1.349187007364237, -0.8667958418832026, 4.640238202943848]
[68, 64, 80]
[-1.349187007364237, -0.8667958418832026, 4.640238202943848]
[68, 64, 80]
[-1.256037941029396, -0.7992688905909963, 4.786226445817586]
[62, 52, 72]
[-1.251346170288005, -0.6850973391374726, 4.768211384618804]
[184, 196, 204]
[-1.847090918455459, -0.3895729287448997, 7.537708587493479]
[52, 37, 49]
[-2.348282477226609, -0.2631123835900798, 8.222047942973663]
[136, 112, 123]
[-2.210191564724687, -0.2774275387470641, 8.081825822947327]
[64, 44, 56]
[-1.242108270609042, -0.6244979961544532, 4.766539345560446]
[140, 106, 113]
[-1.358652759505241, -0.4915001026433974, 4.991853130839996]
[254, 214, 197]
[-1.267677980512428, -0.5336518834903349, 4.920026584913255]
[254, 214, 200]
[-1.24544053315863, -0.5249447332102831, 4.954382489926924]
[152, 106, 106]
[-1.158790221732182, -0.5305273766795676, 4.883664223188301]
[157, 108, 104]
[-1.264302218173048, -0.4703323592756911, 4.910944181553401]
[254, 214, 195]
[-1.153704601385324, -0.5028070537960568, 4.876401201594906]
[155, 108, 107]
[-1.070807417777367, -0.5067008218627413, 4.808597436643396]
[156, 108, 104]
[-1.352110866240422, -0.4439625304493953, 4.557288548388279]
[250, 210, 196]
[-1.352110866240422, -0.4439625304493953, 4.557288548388279]
[250, 210, 196]
[-1.162010399290194, -0.393427127703894, 4.836430860997071]
[135, 88, 84]
[-1.824390145516528, -0.1417637195071782, 7.572755163523399]
[126, 112, 130]
[-1.14825208536607, -0.2516477630968811, 4.831901655184817]
[182, 160, 164]
[-2.048349977863937, -0.06167206744398629, 7.942791321152678]
[56, 42, 56]
[-2.015029556061727, -0.06426956893469392, 7.896383191900622]
[54, 43, 54]
[-2.014575203448655, -0.05400771809043343, 7.898341097999025]
[138, 113, 124]
[-1.501507422755709, -0.23115254968889, 4.44617992309416]
[69, 67, 96]
[-1.160135302408565, 0.03332550750824824, 4.755541117696353]
[70, 56, 78]
[-1.160135302408565, 0.03332550750824824, 4.755541117696353]
[70, 56, 78]
[-1.127502434110951, 0.09449681705053595, 4.792599076212218]
[98, 65, 68]
[-1.824930060229314, 0.1490690868860805, 7.666212676357838]
[114, 92, 108]
[-1.149061823295862, 0.1064759367476175, 4.754434941646044]
[238, 197, 183]
[-1.89511654423297, 0.1574529212348621, 4.53541893041504]
[204, 165, 153]
[-1.122890689140695, 0.1226799186214139, 4.785341033121577]
[104, 71, 74]
[-1.899768292731675, 0.2502069589678584, 7.817357387486941]
[52, 45, 57]
[-1.124799793522457, 0.2546298771615527, 4.772201447420446]
[112, 72, 80]
[-2.054796248191956, 0.2506836532560177, 8.033952909734841]
[132, 112, 131]
[-1.147928321858897, 0.2645073341932539, 4.734210865840588]
[247, 205, 187]
[-1.147928321858897, 0.2645073341932539, 4.734210865840588]
[247, 205, 187]
[-1.13629033270565, 0.2821468168674378, 4.74222644838349]
[110, 74, 70]
[-1.139875547151523, 0.3213315482359591, 4.741525890047019]
[116, 77, 68]
[-1.148077013134084, 0.3331227470719252, 4.725937111619448]
[242, 202, 184]
[-1.148077013134084, 0.3331227470719252, 4.725937111619448]
[242, 202, 184]
[-1.120673743003699, 0.3514258306459341, 4.756854876724913]
[108, 76, 80]
[-1.136412496618506, 0.3495686279355808, 4.733295216547982]
[112, 78, 69]
[-1.586680833501639, 0.2931829054611472, 4.181596428474814]
[202, 162, 154]
[-1.118822810829038, 0.4221326246731875, 4.747162494792449]
[110, 74, 83]
[-1.136213420485424, 0.4189529232048109, 4.724951999418543]
[106, 74, 72]
[-1.33595728159533, 0.5706141361984596, 4.529891900845856]
[60, 43, 65]
[-1.224926032134197, 0.6005794417160626, 4.623123124516251]
[106, 92, 118]
[-1.181235874671188, 0.6352674654950312, 4.660534668420392]
[118, 96, 116]
[-1.961054860531601, 0.6948663253295743, 8.045061894628597]
[61, 46, 53]
[-1.786433756108002, 0.8236689164079198, 7.812492461881865]
[112, 94, 112]
[-2.108948097759989, 1.220130506283185, 5.196919169276339]
[118, 92, 109]
[-2.108948097759989, 1.220130506283185, 5.196919169276339]
[118, 92, 109]
[-1.562382483021031, 1.354470149759138, 7.536217131522633]
[104, 91, 106]
[-1.732113446160286, -1.007671465717394, 6.499409217536686]
[32, 26, 54]
[-1.22279116546536, -1.247980424512161, 5.026651703532917]
[255, 232, 221]
[-1.76988381259699, -0.9471469118654369, 6.360757671908419]
[33, 28, 52]
[-1.889737425831028, -0.7772190070842975, 7.486589194875858]
[52, 40, 63]
[-2.358079755486133, -0.5252417585093079, 8.174266139097528]
[118, 94, 107]
[-2.090488304520882, -0.5916196463446255, 7.854967773325967]
[66, 48, 62]
[-2.214202357357646, -0.4730241946627234, 8.035786421260187]
[72, 54, 70]
[-2.283956207452234, -0.4149723803860014, 8.124576068609253]
[54, 40, 50]
[-2.281047792278119, -0.4015790280981726, 8.125706601977056]
[120, 96, 114]
[-1.205552762832625, -0.7937629073497937, 4.874740734740246]
[79, 62, 82]
[-1.205552762832625, -0.7937629073497937, 4.874740734740246]
[79, 62, 82]
[-1.839759327204677, -0.3695078921194356, 7.531096197622312]
[71, 61, 84]
[-1.839759327204677, -0.3695078921194356, 7.531096197622312]
[71, 61, 84]
[-1.327951607951838, -0.5385812134789943, 4.604332573124164]
[250, 218, 204]
[-2.226918174249963, -0.1423962713888024, 8.128708502267576]
[136, 110, 124]
[-2.027927442044408, -0.1502038504665545, 7.888246391457476]
[114, 96, 118]
[-1.150285861062386, -0.3778226688323222, 4.846481586544646]
[247, 208, 194]
[-1.162376150912255, -0.3737428218630499, 4.826853272227895]
[242, 196, 186]
[-1.224923671181112, -0.370891919985309, 4.749411623243082]
[234, 196, 191]
[-1.927391719797869, -0.133751851954742, 7.75268695368556]
[52, 42, 56]
[-1.824378234704943, -0.1421975865444128, 7.572669392825207]
[126, 112, 130]
[-1.197529000701414, -0.3232794309023015, 4.763183157674464]
[224, 180, 176]
[-1.279421009439239, -0.156078806625857, 4.650717861547931]
[46, 44, 73]
[-1.178782952301024, -0.1194704046855388, 4.764153757201066]
[198, 160, 147]
[-1.216509961230651, -0.1168752685953007, 4.708321196718554]
[40, 30, 34]
[-2.289508294916931, 0.04321442349811878, 8.235717389117635]
[72, 58, 70]
[-1.609328620245897, -0.113150155010556, 4.295978672975407]
[240, 197, 177]
[-2.220526291532646, 0.04713454088723251, 8.169036694150464]
[60, 48, 64]
[-2.090922425646625, 0.04839070377129756, 8.02465732747558]
[48, 40, 46]
[-1.985450496004448, 0.05137376406097408, 7.887015894844347]
[47, 38, 49]
[-1.918041591743192, 0.1393756749975333, 7.811820068608042]
[48, 38, 52]
[-1.839270308757208, 0.1464638325100796, 7.69346747843215]
[124, 100, 108]
[-1.947085426063155, 0.1907730665857119, 7.870012431328353]
[65, 56, 68]
[-1.131683560445143, 0.186950006898248, 4.767305705175685]
[232, 189, 174]
[-2.129623966803653, 0.2478713975782093, 8.121940980025032]
[114, 97, 116]
[-1.782222685547591, 0.5935992834478083, 7.730679549372318]
[53, 43, 56]
[-1.566843142587666, 0.8354581758795514, 6.386032796334016]
[80, 65, 96]
[-1.679514696290021, 1.016127121429875, 7.699808862357413]
[42, 34, 38]
[-2.179185370184506, 1.229454856239073, 5.392860722190887]
[112, 88, 110]
[-2.239426441796862, 1.20626744764614, 5.472718774720858]
[118, 94, 112]
[-2.224603221688937, 1.227660417771886, 5.492613512343642]
[114, 90, 110]
[-2.224603221688937, 1.227660417771886, 5.492613512343642]
[114, 90, 110]
[-1.555721166597559, 1.357158245910012, 7.516616518076217]
[104, 92, 108]
[-2.002250348594784, 1.340297818469044, 5.869568942975726]
[56, 45, 63]
[-1.795520773266029, -0.7694319679133382, 7.306547578865095]
[68, 56, 79]
[-1.795938432055209, -0.7540905333959126, 7.317166674663609]
[136, 116, 132]
[-1.307763199302094, -0.9711543054149723, 4.741867424814867]
[255, 214, 202]
[-1.338449926493778, -0.9267467971637837, 4.676372280026251]
[212, 187, 180]
[-2.173375991207116, -0.2625008736773233, 8.041726334298103]
[145, 122, 134]
[-1.436021289986644, -0.5485069744585409, 4.463542976351119]
[150, 123, 124]
[-2.261745159104031, -0.1486420969579915, 8.163166876005794]
[137, 112, 124]
[-2.068249657515334, -0.1406870551634034, 7.948227241042717]
[35, 26, 33]
[-1.950405864989631, -0.1360404032004383, 7.787692759042517]
[44, 36, 44]
[-1.844941846792018, -0.1122164153740279, 7.623043714562516]
[124, 104, 125]
[-1.957161004949808, 0.1311446607857268, 7.868527514384369]
[36, 30, 42]
[-1.942931274233265, 0.2322378778705507, 7.87955273089878]
[135, 111, 125]
[-2.21730668147274, -0.4359629091380057, 8.049288784140032]
[124, 93, 105]
[-2.186345602630176, -0.4353860974678003, 8.011197378981343]
[121, 94, 110]
[-1.371208527169336, -0.674789648140209, 4.565867629626308]
[158, 138, 152]
[-1.178641555390689, -0.3165739125339275, 4.802859449893329]
[240, 196, 186]
[-1.97380048918716, 0.1168673073264549, 7.890136011065917]
[128, 102, 116]
[-1.925595725264241, 0.2424817565862332, 7.85662728500547]
[47, 42, 54]
[-1.995475778672845, 0.5997539296472445, 8.057867367477524]
[114, 92, 97]
[-1.607491984636278, 0.8551270686205726, 6.607308284243351]
[26, 23, 38]
[-2.155767669310039, 1.346528936332652, 5.625778956135784]
[28, 26, 46]
[-1.275832213229256, -0.2328657486644996, 4.664252409885308]
[167, 150, 178]
[-1.186367121595883, -0.1380833955799491, 4.755741512548524]
[198, 160, 152]
[-1.424825739933842, -1.054681381845799, 4.546324046075942]
[192, 154, 152]
[-1.424825739933842, -1.054681381845799, 4.546324046075942]
[192, 154, 152]
[-1.536308381280488, -0.9276467981357968, 4.366835709772069]
[238, 194, 176]
[-1.215085413199925, -0.3873516306167903, 4.764633852787794]
[240, 200, 192]
[-1.220588304885606, -0.06483281865476981, 4.695569608279025]
[58, 44, 44]
[-1.188656972638579, 0.04366952280414366, 4.71541411347773]
[200, 162, 151]
[-1.225396814041957, 0.1412277902473427, 4.665834342939372]
[106, 84, 83]
[-1.223085638261473, 0.2220120495654566, 4.655239761861226]
[95, 72, 76]
[-1.225544835954629, 0.2903480048044472, 4.650464613475442]
[112, 84, 84]
[-1.231544770060541, 0.5072766349762718, 4.623970732825245]
[117, 90, 90]
[-1.572981111357424, -0.9448293866873622, 4.30760365405081]
[182, 139, 128]
[-1.497002874186458, -0.6262178978880264, 4.385974424577706]
[69, 47, 50]
[-1.307400756425077, 0.5585597789503056, 4.561631512529205]
[148, 131, 159]
[-1.989732736492808, 0.45141489412117, 8.004037041093465]
[253, 184, 167]
