[1.086992054105575, -1.432740828642191, 4.798281519635102]
[46, 28, 44]
[1.062838743320652, -1.4288176345935, 4.823661338382076]
[47, 30, 42]
[1.005461222865342, -1.420996266823834, 4.873148709558178]
[62, 46, 55]
[0.8908747186024951, -1.410296249163076, 5.001358715116741]
[48, 32, 53]
[1.216008946503902, 0.2367394606429456, 4.483769734828484]
[125, 114, 135]
[1.281723309583065, 0.7156012856394315, 4.364805666343587]
[106, 92, 122]
[1.156229199791366, 0.7416490342831396, 4.49611980748684]
[66, 49, 63]
[1.17376531374252, 0.7520181442459455, 4.474108886109006]
[126, 108, 120]
[0.03389538676442808, 1.253975175170322, 4.897724236947488]
[96, 76, 118]
[0.09538828190332041, 1.248300033453113, 4.844513007352273]
[101, 78, 126]
[0.1199323341670145, 1.242273520332329, 4.806412146781581]
[102, 82, 120]
[-0.1303355618096457, 1.304723818267753, 5.008133770062831]
[46, 38, 64]
[-0.8253062155675317, 1.232372509551136, 4.649734526719641]
[104, 82, 122]
[-0.9188318612476317, 1.269834775277561, 4.613928285556105]
[64, 50, 92]
[-2.432524696869693, -2.619782044795496, 8.555801325755453]
[128, 99, 120]
[-0.523465490092376, -1.941828604415633, 6.437364065551826]
[24, 24, 38]
[-2.443271932787629, -1.558329465332517, 8.456427266456753]
[124, 92, 108]
[-2.447132131458754, -1.413969567454575, 8.454528739995805]
[115, 80, 88]
[0.5955623519994472, -0.3953785426958427, 5.216770606867409]
[46, 36, 51]
[-2.449501521588108, 1.028957299838168, 8.194675363419854]
[116, 87, 98]
[1.284034750740692, 0.7287233231185538, 4.356511092063972]
[54, 42, 56]
[1.265705205884732, 0.7463370309984443, 4.376448747786642]
[118, 106, 133]
[1.308955777674968, 0.7405572122812671, 4.324762777427261]
[114, 102, 122]
[-0.9705067986943001, 0.9362623613342347, 4.697606173576216]
[73, 52, 86]
[-0.9705067986943001, 0.9362623613342347, 4.697606173576216]
[73, 52, 86]
[-0.9287313181942536, 0.9367376903869523, 4.701617784528438]
[74, 54, 84]
[-0.9287313181942536, 0.9367376903869523, 4.701617784528438]
[74, 54, 84]
[-1.566399167583338, 1.273155734515315, 5.021040016618124]
[92, 70, 99]
[-1.566399167583338, 1.273155734515315, 5.021040016618124]
[92, 70, 99]
[-0.4424957636752845, 1.255311781542811, 4.889548283473384]
[91, 70, 100]
[-0.6627117199939817, 1.232143838510266, 4.671454818225004]
[97, 78, 104]
[-0.6627117199939817, 1.232143838510266, 4.671454818225004]
[97, 78, 104]
[-0.9306960327181442, 1.232435750744393, 4.645682211604155]
[106, 80, 118]
[-0.9306960327181442, 1.232435750744393, 4.645682211604155]
[106, 80, 118]
[-0.7898149017772675, 1.267249255990768, 4.602913034099975]
[63, 48, 82]
[-2.84333106743439, -3.061311169632005, 8.88583563047125]
[84, 50, 34]
[1.15733071417688, -1.437145709159591, 4.719432998469385]
[51, 38, 56]
[1.15733071417688, -1.437145709159591, 4.719432998469385]
[51, 38, 56]
[0.9967412346564222, -1.438765149990339, 4.881713762969216]
[120, 102, 124]
[0.8538863144072522, -1.403627878900173, 5.026459998782788]
[50, 35, 47]
[-2.435616892312671, -2.218913596456143, 8.515254105937631]
[124, 98, 118]
[0.8140668653422948, -1.316114559376, 5.057673851305523]
[64, 50, 76]
[-3.797093791151421, -1.909677673499756, 8.908287842417813]
[146, 103, 94]
[-3.425042081985799, -1.884838869328588, 9.111323291471939]
[158, 107, 100]
[-1.762002044748085, -1.497912201428385, 7.766968888147885]
[48, 37, 54]
[1.007315751974884, -0.2669838277135784, 4.754626430370923]
[48, 42, 66]
[1.222567478932907, 0.232692043621311, 4.46833373954837]
[120, 106, 126]
[-2.833545756645079, 0.6142184811936857, 8.493102494892101]
[76, 44, 31]
[-2.444693873195976, 0.6681661737728576, 8.224761916302546]
[106, 86, 104]
[1.233265325219021, 0.6083543710058388, 4.418238030023931]
[118, 101, 126]
[1.116692618128009, 0.7286874587705061, 4.538490173590089]
[124, 108, 128]
[-0.741479919720895, 0.8487742567079171, 4.666108615951626]
[82, 70, 116]
[1.02173790290087, 1.135975765014095, 4.589506274262297]
[116, 102, 124]
[-2.434108404122766, -2.160772222713566, 8.520477676781351]
[112, 88, 104]
[-2.430438457843751, -2.085236694146529, 8.510932742614365]
[121, 100, 124]
[-0.4567610276111437, -1.292073749310296, 5.709214552128729]
[60, 50, 97]
[-2.428197666214694, -1.282170342043591, 8.411239698429558]
[120, 96, 112]
[1.047282344759905, -0.6139273750989215, 4.755547176633781]
[43, 35, 52]
[-2.445299871209352, -1.008541796879521, 8.423548640609484]
[119, 95, 116]
[-2.448105499885471, 0.6699017570765138, 8.243327540050693]
[106, 86, 104]
[0.09046618748265298, 0.8440385436380952, 4.844210179056187]
[26, 27, 39]
[-2.431095897998527, -2.96643985020917, 8.624728142359874]
[120, 103, 131]
[-2.425463181924016, -2.869203478262651, 8.605736413968184]
[115, 94, 115]
[-2.420268705931071, -2.783763618905263, 8.589735716773774]
[108, 90, 111]
[-2.422832330605131, -1.488411402835731, 8.428431529708918]
[111, 84, 104]
[1.221642275648451, 1.052088279670047, 4.394205742481088]
[120, 100, 122]
[-2.422117419966673, -2.527663432344262, 8.563596265362563]
[114, 96, 119]
[-2.397028872080998, -2.31443662042626, 8.495108075913169]
[104, 85, 109]
[-2.404226071278252, -0.959677218111434, 8.36139807060882]
[107, 86, 101]
[1.270209629310296, 1.334028237040839, 4.173226026811657]
[238, 168, 148]
[1.270209629310296, 1.334028237040839, 4.173226026811657]
[238, 168, 148]
[-3.966360843024914, -2.104539044253118, 8.93148112938429]
[244, 194, 178]
[-2.388036871611452, -0.4435717469653918, 8.267476249068379]
[98, 85, 106]
[-2.391714076222686, -1.439960213862319, 8.423161796506244]
[109, 85, 100]
[0.9050745393122928, -1.445015148105518, 4.97724447781533]
[80, 66, 94]
[1.281163802522305, -1.273159591081894, 4.560441063721428]
[141, 123, 143]
[0.9539535517807882, -0.6172314346844519, 4.851435149481833]
[113, 100, 126]
[0.9825896106988121, 0.2717668591435493, 4.725033070387517]
[84, 66, 85]
[-2.46049298477011, 1.15647545671225, 8.146413718821755]
[208, 165, 145]
[0.9332426961650099, 0.9164779117597489, 4.720251158509574]
[71, 56, 68]
[-0.2601616274273819, -1.969956918286992, 6.255009823279453]
[78, 62, 84]
[1.157335074902685, -0.4633847521249189, 4.622144327983637]
[59, 44, 69]
[1.033388499567899, 0.1362688215802131, 4.683863563730263]
[58, 46, 64]
[-1.929286973208205, 1.306527891640856, 5.373350558458609]
[100, 76, 103]
[-0.04022274524858012, 1.257768459523131, 4.955096418296473]
[84, 70, 106]
[-0.04022274524858012, 1.257768459523131, 4.955096418296473]
[84, 70, 106]
[-1.377218323380559, 1.251641465150512, 4.821553366274381]
[103, 80, 112]
[-1.164988893639469, 1.232778021679195, 4.638451624817442]
[108, 84, 126]
[1.171594366593112, -1.237186056764139, 4.681003930486859]
[117, 96, 116]
[0.7470638776666145, -0.6004650877396538, 5.071823894441676]
[66, 60, 84]
[0.7470638776666145, -0.6004650877396538, 5.071823894441676]
[66, 60, 84]
[1.064171622800695, -0.2663801521080726, 4.711740458135926]
[54, 43, 62]
[0.9012050041176232, 0.40739305126725, 4.785805012106453]
[134, 118, 141]
[-2.435473014376651, -0.4492360277179917, 8.315675102805626]
[102, 84, 100]
[0.5537634920676683, -0.2116401930584957, 5.248012752874076]
[52, 44, 58]
[0.5537634920676683, -0.2116401930584957, 5.248012752874076]
[52, 44, 58]
[-2.467290063958282, 1.038857052105743, 8.149248158079754]
[211, 168, 150]
[-2.434308687662292, -0.7551777542271293, 8.357985127555841]
[116, 92, 112]
[0.7079079141947635, -0.3918395176776253, 5.090608061107968]
[138, 114, 130]
[-2.419949985479067, -0.09072213544656051, 8.230419809138118]
[111, 92, 116]
[1.062065074373852, 1.080791574528396, 4.557342686358723]
[126, 108, 133]
[-2.35319388302456, 0.04692390559916202, 8.182577105162618]
[111, 80, 98]
[-2.470315061815203, -0.7632133922451559, 8.39234699581719]
[230, 184, 164]
[-2.768374213788544, -0.3909480878312626, 8.610126946217175]
[166, 124, 110]
[1.015555750243084, 0.1488802824131331, 4.686833990050231]
[132, 112, 132]
[0.5546938296429732, 0.5608993793644029, 5.137482994645463]
[140, 118, 130]
[0.09516093868052572, 0.5896609415634505, 4.934490946715109]
[53, 40, 68]
[0.08088749242588895, 0.6218227408707125, 4.9387418970532]
[57, 44, 78]
[0.7106455757935711, 0.9363993664742717, 4.940211054129036]
[89, 64, 74]
[1.271721230584465, 0.8767944114294385, 4.313607839046041]
[50, 40, 59]
[0.09253515233786401, 1.244907230628696, 4.830152623605834]
[105, 82, 126]
[-1.126335326242025, 1.275964455135898, 4.618478780031381]
[68, 56, 102]
[-1.126335326242025, 1.275964455135898, 4.618478780031381]
[68, 56, 102]
[0.8502774541995822, -1.389010030524315, 5.03263083551406]
[130, 108, 132]
[0.9093660049393522, -0.9974204870668737, 4.932167313535363]
[72, 58, 70]
[0.3789503892923405, -0.3630442355044599, 5.409192326237672]
[140, 121, 146]
[1.262880876130315, 0.8174771205655706, 4.341076772070834]
[72, 65, 94]
[1.184916038882279, 1.086423973335758, 4.406240548753277]
[51, 36, 45]
[-1.901704959785168, 1.3174637778065, 5.388783226099386]
[101, 80, 105]
[-1.901704959785168, 1.3174637778065, 5.388783226099386]
[101, 80, 105]
[-1.790470083038291, 1.302928996978182, 5.267726530824891]
[94, 73, 103]
[-1.790470083038291, 1.302928996978182, 5.267726530824891]
[94, 73, 103]
[1.173428390336804, 1.254429394317246, 4.250193885548775]
[65, 18, 23]
[-0.7323922122179728, 1.270124235076823, 4.610377716833913]
[76, 63, 102]
[-0.9176997304787359, 1.27007144023791, 4.608376732223688]
[76, 60, 98]
[-1.038404155621425, 1.273655596030586, 4.616976509339858]
[70, 56, 96]
[-1.038404155621425, 1.273655596030586, 4.616976509339858]
[70, 56, 96]
[1.23668487475463, 1.344062847266025, 4.180489560348613]
[50, 20, 16]
[0.853573973973678, -1.321091234605068, 5.024437088995518]
[63, 52, 70]
[0.8183991858741796, -1.319700823028112, 5.067314133456007]
[62, 50, 80]
[0.5768777787700012, -1.287663680896362, 5.311660255154442]
[68, 58, 79]
[0.964182426734199, -1.005367391844987, 4.871984009841412]
[70, 60, 72]
[0.9643876844315916, 0.4481562551819296, 4.712183478670682]
[125, 108, 126]
[1.225996630755478, 0.6074734564457404, 4.411080469827485]
[122, 108, 130]
[0.7972378657700914, 0.7762637920077975, 4.85735608516295]
[128, 114, 137]
[0.8038564506734314, 0.7947522181118278, 4.866915889419832]
[87, 69, 80]
[0.8111063893048305, 0.7909422184839977, 4.84145943180269]
[68, 50, 66]
[1.013618126885138, 0.7635462114713705, 4.628863084441306]
[66, 55, 70]
[1.013618126885138, 0.7635462114713705, 4.628863084441306]
[66, 55, 70]
[0.8062222642349215, 1.112940941714895, 4.808322657262805]
[57, 41, 56]
[1.203107484892923, 1.080247290829356, 4.38620705495282]
[58, 45, 63]
[1.175678786693362, 1.255457162278646, 4.247605023909058]
[57, 21, 18]
[-2.442937972633396, -1.903207031934492, 8.495200584316825]
[123, 103, 118]
[-2.480806773051491, 0.5581140209905174, 8.273397412964862]
[223, 176, 161]
[0.7946433758023773, 0.9535077135333183, 4.846334481372039]
[151, 122, 132]
[-1.129512368827041, 0.8567829305394943, 4.680406333729322]
[93, 79, 128]
[1.014054224139503, 1.13787214862328, 4.584318123346905]
[114, 102, 126]
[1.182540548602349, 1.258241023822373, 4.247149976836513]
[46, 22, 17]
[-2.430488961749433, -1.283564789615294, 8.429787647172265]
[120, 96, 116]
[1.238965823541006, 0.09907797827854327, 4.4549324227931]
[94, 76, 96]
[1.209035073016427, 1.046846053039636, 4.377163831391035]
[128, 109, 127]
[0.8945873880548572, 1.116207353762227, 4.70871154962759]
[92, 74, 95]
[-2.695780274852519, 0.7332339314430143, 8.456154146323085]
[208, 162, 145]
[-2.692431597727561, 0.8957240681646005, 8.425970797706185]
[205, 161, 144]
[-2.455033429817773, -1.352243939601223, 8.142311416764692]
[139, 103, 102]
[0.7559743259085472, -0.7883049365000383, 5.071250873137416]
[70, 57, 82]
[1.221864553843062, 0.2166270528407015, 4.463573578921856]
[96, 80, 102]
[0.1127266179028248, 0.5943370808062477, 4.95884645862633]
[42, 31, 62]
[-0.3593453293776251, 0.7566410754265656, 5.405921503899244]
[52, 36, 69]
[0.7729177938113123, 0.8548229024325807, 4.870246566236369]
[127, 112, 132]
[1.150811290037332, 1.277290794786631, 4.311829026077692]
[129, 112, 118]
[0.850823149073512, -1.231939299876139, 4.998645555134722]
[80, 60, 86]
[0.6953357356666215, -1.163434580176195, 5.165226256929103]
[136, 116, 132]
[0.6937064988611714, -1.146341029825086, 5.164889199587209]
[75, 62, 86]
[1.018162577610104, -1.011667866064063, 4.802978296107584]
[88, 69, 89]
[-2.257099163703505, -0.8774370552316312, 7.900958671170125]
[75, 62, 84]
[0.5634968120934792, -0.3945018957025894, 5.229287338304093]
[74, 60, 88]
[-0.2605922148639375, -0.1105305194165112, 5.783509639627312]
[38, 28, 66]
[0.6632885613950492, 0.002049590082919043, 5.071047705931577]
[139, 118, 138]
[-0.2590185567623263, 0.08531694594851036, 5.762434299919685]
[35, 28, 65]
[0.6609441677339832, 0.1815288532878036, 5.059096406140456]
[142, 124, 140]
[1.047254049308645, 0.1615664853826499, 4.649941724628352]
[78, 66, 91]
[-0.1568855503831697, 0.3192307094078253, 5.637914632746744]
[36, 27, 66]
[1.157413151996483, 0.205368176754005, 4.527008369476367]
[96, 78, 102]
[1.217008693746679, 0.2308011860264838, 4.463999121745282]
[131, 115, 138]
[0.5792320429610752, 0.4905419028843575, 5.103528667970273]
[132, 120, 142]
[-0.7002048211047003, 0.6790770958986374, 5.737674452711982]
[56, 40, 73]
[-2.462205397088853, 1.093496158771604, 7.755285464041128]
[121, 90, 85]
[1.152776011061142, 0.7391884569974172, 4.487658924062199]
[68, 50, 65]
[-2.479566662206842, 1.258971453434733, 7.740798021016233]
[108, 84, 78]
[-2.479566662206842, 1.258971453434733, 7.740798021016233]
[108, 84, 78]
[-0.1307946620846906, 0.9011852427952646, 5.099367524362467]
[58, 58, 91]
[1.041159237208422, 1.129891355413021, 4.564937442839601]
[124, 110, 127]
[-1.655521976824984, 1.291111828142187, 5.136961846281205]
[91, 74, 108]
[-1.655521976824984, 1.291111828142187, 5.136961846281205]
[91, 74, 108]
[-0.9078973084906677, 1.250174634099059, 4.6927860688426]
[114, 94, 130]
[-1.637221587465922, 1.326542739113296, 5.068905526494111]
[60, 46, 78]
[-0.9095219220085102, 1.287881015012107, 4.660731746501925]
[71, 56, 94]
[0.9277157974116732, -1.426517882705084, 4.936191600779297]
[120, 104, 127]
[0.8498852918545364, -1.319517568997814, 5.020100559221136]
[72, 56, 78]
[0.568992755449953, -1.282431221224632, 5.300919454707241]
[76, 62, 83]
[0.2490797334434209, -1.218489253174335, 5.638457829872936]
[148, 126, 148]
[0.9052171997121973, -0.9766375282592109, 4.917432684305573]
[134, 120, 142]
[0.2543903955366211, -0.9483733157190898, 5.593836981763659]
[131, 114, 142]
[1.063789135972489, -0.6231630768802715, 4.713711025533061]
[68, 52, 72]
[1.063789135972489, -0.6231630768802715, 4.713711025533061]
[68, 52, 72]
[1.014693941449888, -0.6107082729334348, 4.770823218190844]
[69, 56, 76]
[1.014693941449888, -0.6107082729334348, 4.770823218190844]
[69, 56, 76]
[1.053412831779451, -0.4572361338465215, 4.714284628391407]
[64, 52, 75]
[0.918264809781594, -0.06448883944351391, 4.831505801123791]
[120, 104, 130]
[-0.8271225285755065, 0.3219776929734936, 5.888288865030185]
[161, 173, 177]
[-0.8271225285755065, 0.3219776929734936, 5.888288865030185]
[161, 173, 177]
[0.6901367464047072, 0.2916724618249049, 5.01825225224502]
[76, 56, 78]
[1.254751068028174, 0.2609030234574394, 4.424552314914731]
[128, 115, 139]
[-2.462109297632829, 1.062780805815777, 7.759210072591673]
[120, 92, 98]
[0.8226378148182729, 0.8056285286023011, 4.831712157481229]
[156, 132, 147]
[1.106389687026453, 1.110000772906559, 4.507148890047209]
[50, 39, 47]
[-1.935100300384441, 1.311053088798467, 5.383647903601274]
[94, 74, 105]
[0.0625078514373975, 1.379911235456171, 4.834532464643853]
[48, 44, 59]
[-1.782536652954603, -1.433095889716043, 7.578369096541429]
[49, 42, 56]
[0.6225634768414708, 0.307658659070835, 5.089569699024456]
[70, 53, 73]
[-2.459512068521698, 1.024317353275406, 7.773565682501612]
[111, 89, 99]
[-0.5225245154246562, 1.027309840041847, 5.428326034943252]
[96, 84, 134]
[0.8355615746022017, 1.136123792343036, 4.786249160026635]
[136, 110, 126]
[1.143426423725285, 1.074355331094107, 4.457792762138443]
[129, 112, 138]
[-2.448951857651984, -0.9285719584465097, 8.057412796715957]
[128, 108, 126]
[-2.457814063254605, 0.6448652294275854, 7.824219025115251]
[108, 86, 100]
[-2.457582681657225, 0.8943788188253303, 7.778646023024041]
[104, 84, 101]
[0.1071800430098006, 0.8492207915152352, 4.862228839917955]
[25, 26, 42]
[0.9977229811340811, 1.0836125975943, 4.614258041883199]
[119, 96, 114]
[0.8866845265296742, 1.161201558088919, 4.728047754777738]
[140, 114, 129]
[1.084760383964615, 1.13780499410586, 4.513528851649972]
[128, 112, 138]
[-1.267518635007245, 1.296192702849983, 4.733440080189125]
[53, 45, 81]
[0.8406442983870789, -0.6119750165941881, 4.946913449194098]
[84, 70, 74]
[0.879424467465148, 1.078750631276332, 4.734748469956498]
[117, 103, 127]
[1.055472817136298, 1.077260983610578, 4.547040400176566]
[134, 116, 140]
[-2.434976886696846, 0.1004961264158237, 7.905073976174073]
[114, 86, 101]
[-0.9318076341834614, 0.921407520480788, 5.830371219610585]
[58, 49, 71]
[-2.421134958235072, -1.004182194979579, 8.09138259024852]
[112, 82, 102]
[0.86727642770396, 0.5057995852498058, 4.808347353556345]
[100, 87, 112]
[0.02837640775739127, 1.255056734652272, 4.908718648324407]
[109, 88, 130]
[0.4833501183278358, -1.270824147265896, 5.430541895540733]
[84, 67, 89]
[-0.733675439797055, 0.9402617913974433, 5.63400336043866]
[121, 73, 46]
[-1.568898985845201, 1.274281575702954, 4.822400130484683]
[58, 44, 84]
[1.014755355081485, -1.431819263079044, 4.904126452751312]
[68, 48, 62]
[1.069560942824044, -0.2680139305142659, 4.7093305358689]
[64, 48, 71]
[-1.976825301021678, 0.07945423627926489, 8.416694764289652]
[134, 110, 124]
[-0.4057245360810376, 0.7848761541803733, 5.37274768823342]
[44, 36, 76]
[1.038913787611652, 0.7727975383676925, 4.593499740661512]
[138, 122, 134]
[-1.496393918659307, 1.037128907403166, 4.843794038370586]
[54, 40, 78]
[-1.468631997617114, 1.033588485242327, 4.816253539152767]
[60, 46, 88]
[0.00252089935118798, 1.221366396737548, 4.825330850259451]
[139, 117, 166]
[-1.326078442742158, 1.237160996636761, 4.540568119456894]
[43, 34, 60]
[0.8791937166824152, -1.412590367456202, 5.045249816644303]
[52, 34, 48]
[-1.673174622176743, -1.357490029393652, 8.052738757551431]
[132, 114, 136]
[-0.6010581265627285, 0.6877189023262358, 5.612713988138413]
[42, 32, 58]
[1.091347135978209, 0.7638177979178838, 4.540242269174581]
[128, 114, 136]
[0.7949629944863545, 1.110055023837446, 4.802146771603933]
[62, 46, 58]
[0.9152792258813852, 1.127055172524372, 4.678761038872137]
[142, 114, 117]
[1.105904414718394, 1.104740979832626, 4.48940402651195]
[52, 38, 43]
[1.014657396354239, 1.134659781372142, 4.584497545401198]
[127, 111, 135]
[-0.08495348100023671, 1.174599231927121, 4.94185586449906]
[42, 34, 62]
[-2.145234194062547, 0.8011382849048333, 3.746738869182311]
[104, 82, 122]
[-1.669942522110505, 1.288629996735487, 4.942711616092709]
[51, 42, 78]
[-0.5948663986923144, -1.057865348561858, 5.925211251047608]
[102, 80, 112]
[0.4883077575414259, -0.5516317699145449, 5.341262631209727]
[60, 50, 70]
[-1.761084764615192, 1.721420947762966, 7.769273804653565]
[38, 34, 35]
[0.7812275901542017, -1.002898294635534, 5.092309623657132]
[72, 62, 79]
[-0.1197365304293462, 0.7094044301995929, 5.063168959143103]
[69, 61, 88]
[0.7852920149033609, 1.074181173154624, 4.809375314047068]
[134, 114, 136]
[-1.16352664369754, 0.9691523283054695, 6.159617857351421]
[63, 54, 82]
[-0.7372088607547573, 0.9006582938205466, 5.6293475881184]
[52, 45, 58]
