[1.086992054105575, -1.432740828642191, 4.798281519635102]
[46, 28, 44]
[1.062838743320652, -1.4288176345935, 4.823661338382076]
[47, 30, 42]
[1.004636333131926, -1.421234332444358, 4.870814048401073]
[62, 46, 55]
[0.888681203419547, -1.409463706380199, 4.994400541788299]
[48, 32, 53]
[1.216008946503902, 0.2367394606429456, 4.483769734828484]
[125, 114, 135]
[1.281794984558262, 0.7155159083188557, 4.365007891354633]
[106, 92, 122]
[1.156229199791366, 0.7416490342831396, 4.49611980748684]
[66, 49, 63]
[1.17376531374252, 0.7520181442459455, 4.474108886109006]
[126, 108, 120]
[0.03389538676442808, 1.253975175170322, 4.897724236947488]
[96, 76, 118]
[0.09437163612159369, 1.245939130923519, 4.83494758260626]
[101, 78, 126]
[0.1138483556355079, 1.23729642020922, 4.784825025333376]
[102, 82, 120]
[-0.1304269134717882, 1.304199925306253, 5.005871898697629]
[46, 38, 64]
[-0.8253062155675317, 1.232372509551136, 4.649734526719641]
[104, 82, 122]
[-0.9182209749840913, 1.26822499967618, 4.605839069539704]
[64, 50, 92]
[-2.432524696869693, -2.619782044795496, 8.555801325755453]
[128, 99, 120]
[-0.523465490092376, -1.941828604415633, 6.437364065551826]
[24, 24, 38]
[-2.443271932787629, -1.558329465332517, 8.456427266456753]
[124, 92, 108]
[-2.447132131458754, -1.413969567454575, 8.454528739995805]
[115, 80, 88]
[0.5955623519994472, -0.3953785426958427, 5.216770606867409]
[46, 36, 51]
[-2.449501521588108, 1.028957299838168, 8.194675363419854]
[116, 87, 98]
[1.284034750740692, 0.7287233231185538, 4.356511092063972]
[54, 42, 56]
[1.264230476562024, 0.7459232683039372, 4.372965547201033]
[118, 106, 133]
[1.309421299207459, 0.740856468582251, 4.325978843743437]
[114, 102, 122]
[-0.9705067986943001, 0.9362623613342347, 4.697606173576216]
[73, 52, 86]
[-0.9705067986943001, 0.9362623613342347, 4.697606173576216]
[73, 52, 86]
[-0.928446223684974, 0.9366279267792611, 4.699206439733032]
[74, 54, 84]
[-0.928446223684974, 0.9366279267792611, 4.699206439733032]
[74, 54, 84]
[-1.566399167583338, 1.273155734515315, 5.021040016618124]
[92, 70, 99]
[-1.566399167583338, 1.273155734515315, 5.021040016618124]
[92, 70, 99]
[-0.4424957636752845, 1.255311781542811, 4.889548283473384]
[91, 70, 100]
[-0.6627117199939817, 1.232143838510266, 4.671454818225004]
[97, 78, 104]
[-0.6627117199939817, 1.232143838510266, 4.671454818225004]
[97, 78, 104]
[-0.930792226596999, 1.232963534364396, 4.646040944781327]
[106, 80, 118]
[-0.930792226596999, 1.232963534364396, 4.646040944781327]
[106, 80, 118]
[-0.7907977693304353, 1.26320067141476, 4.588114046452385]
[63, 48, 82]
[-2.84333106743439, -3.061311169632005, 8.88583563047125]
[84, 50, 34]
[1.155552066836232, -1.436252546006373, 4.714277267241931]
[51, 38, 56]
[1.15733071417688, -1.437145709159591, 4.719432998469385]
[51, 38, 56]
[0.9947217978815904, -1.438449331720741, 4.875938990081519]
[120, 102, 124]
[0.853731111354941, -1.403686129014561, 5.025878568069855]
[50, 35, 47]
[-2.436223453956233, -2.21960402918382, 8.517599372753718]
[124, 98, 118]
[0.8140668653422948, -1.316114559376, 5.057673851305523]
[64, 50, 76]
[-3.797093791151421, -1.909677673499756, 8.908287842417813]
[146, 103, 94]
[-3.425042081985799, -1.884838869328588, 9.111323291471939]
[158, 107, 100]
[-1.769085663324254, -1.512973878465751, 7.817083432678235]
[48, 37, 54]
[1.007497203087781, -0.2669919054408975, 4.755266996317825]
[48, 42, 66]
[1.222567478932907, 0.232692043621311, 4.46833373954837]
[120, 106, 126]
[-2.832654135677187, 0.6137613873499914, 8.490129630444473]
[76, 44, 31]
[-2.474839020153522, 0.6807359151844978, 8.374459914146824]
[106, 86, 104]
[1.228361524439894, 0.6080501421116253, 4.409264982598017]
[118, 101, 126]
[1.116108656877386, 0.7284460361381953, 4.536660136720985]
[124, 108, 128]
[-0.7417345288973691, 0.8497422957255851, 4.668579786269552]
[82, 70, 116]
[1.02173790290087, 1.135975765014095, 4.589506274262297]
[116, 102, 124]
[-2.434108404122766, -2.160772222713566, 8.520477676781351]
[112, 88, 104]
[-2.432513805082072, -2.08751316446951, 8.518942997889383]
[121, 100, 124]
[-0.4567610276111437, -1.292073749310296, 5.709214552128729]
[60, 50, 97]
[-2.443589361386456, -1.297762322063563, 8.478693930378842]
[120, 96, 112]
[1.046995608637275, -0.6137722830455332, 4.754551686620445]
[43, 35, 52]
[-2.442549241675857, -1.007028258348174, 8.412891098200914]
[119, 95, 116]
[-2.448105499885471, 0.6699017570765138, 8.243327540050693]
[106, 86, 104]
[0.09046618748265298, 0.8440385436380952, 4.844210179056187]
[26, 27, 39]
[-2.431095897998527, -2.96643985020917, 8.624728142359874]
[120, 103, 131]
[-2.425463181924016, -2.869203478262651, 8.605736413968184]
[115, 94, 115]
[-2.420268705931071, -2.783763618905263, 8.589735716773774]
[108, 90, 111]
[-2.424812474838085, -1.489954231498534, 8.436161231385212]
[111, 84, 104]
[1.221642275648451, 1.052088279670047, 4.394205742481088]
[120, 100, 122]
[-2.422117419966675, -2.527663432344265, 8.563596265362575]
[114, 96, 119]
[-2.397028872080998, -2.31443662042626, 8.495108075913169]
[104, 85, 109]
[-2.404226071278252, -0.959677218111434, 8.36139807060882]
[107, 86, 101]
[1.270209629310296, 1.334028237040839, 4.173226026811657]
[238, 168, 148]
[1.270209629310296, 1.334028237040839, 4.173226026811657]
[238, 168, 148]
[-3.966360843024914, -2.104539044253118, 8.93148112938429]
[244, 194, 178]
[-2.389083580144348, -0.4434904601357065, 8.271724391624518]
[98, 85, 106]
[-2.391714076222686, -1.439960213862319, 8.423161796506244]
[109, 85, 100]
[-1.816799847068924, -2.352950833957028, 7.920876965651364]
[90, 69, 94]
[-0.8069965246498986, -2.044566910982025, 6.843250878934598]
[60, 45, 66]
[-1.778477606574585, -2.24923085135895, 7.859329284598709]
[74, 60, 83]
[1.109477650354916, -1.43511103547666, 4.776256852940433]
[70, 46, 66]
[0.9019604830882184, -1.444329090554497, 4.970177932781061]
[80, 66, 94]
[1.006273856994711, -1.421884612655392, 4.875046836458468]
[66, 48, 60]
[0.8898383041947512, -1.409679517568588, 4.998714878890058]
[53, 36, 54]
[0.8454742599085263, -1.386843394312378, 5.022020431697621]
[128, 106, 132]
[1.280389708893902, -1.273086740317116, 4.559005077522591]
[141, 123, 143]
[1.279992375690415, -1.262039273063658, 4.562214358233108]
[84, 60, 88]
[0.6753856754484001, -1.179732933836912, 5.205993352767122]
[59, 45, 64]
[0.7693253827154646, -1.127542468616999, 5.109510258170721]
[62, 46, 69]
[-2.46943288033577, -1.401860582051407, 8.459210661780451]
[236, 188, 171]
[-2.123890812159077, -1.281179547840084, 8.096270602557993]
[117, 102, 120]
[-2.100179456502397, -1.263356313902444, 8.0688798416836]
[60, 42, 58]
[0.9985574158538122, -0.8207754940000829, 4.836036646635141]
[131, 110, 116]
[0.7747486054454178, -0.7931072975076393, 5.045835855175199]
[74, 60, 84]
[-2.262353532946776, -0.9903153797812474, 8.245168447637546]
[67, 51, 74]
[0.9534831977852165, -0.6172980310211443, 4.850349982666167]
[113, 100, 126]
[-1.655438636828949, -0.8240276378238229, 7.573449701419288]
[64, 52, 74]
[-1.56441908522738, -0.676709161343156, 7.474684488715071]
[126, 107, 124]
[0.9491262406270834, -0.4462548840448817, 4.853610732370995]
[59, 47, 66]
[-0.8379139821444817, -0.4684480276655466, 6.256058574872944]
[42, 32, 70]
[-2.041599877420957, -0.4496518637548047, 7.924057888998155]
[75, 48, 58]
[0.5624524603445674, -0.2309556805576699, 5.208851016572657]
[118, 104, 134]
[0.6763063579909359, -0.2189674612374416, 5.114609580053417]
[84, 66, 80]
[0.8437958144287434, -0.02223291175966214, 4.905534638280368]
[136, 118, 136]
[0.8437958144287434, -0.02223291175966214, 4.905534638280368]
[136, 118, 136]
[-0.6899955032950866, 0.05503396212973654, 6.014716456739563]
[126, 150, 166]
[-0.7819413321011439, 0.2822985518537445, 5.906594759040032]
[102, 102, 110]
[0.9818745676542461, 0.2716291606286596, 4.723395201684986]
[84, 66, 85]
[0.944890651853316, 0.3987038470702481, 4.719594292772722]
[128, 114, 142]
[-0.3852404052199447, 0.5409681205672878, 5.621406604167619]
[120, 104, 156]
[1.024301806208264, 0.4352687526796328, 4.684451105039545]
[60, 44, 60]
[1.024301806208264, 0.4352687526796328, 4.684451105039545]
[60, 44, 60]
[-2.766193661095665, 0.9754226494736958, 8.439557693229723]
[142, 110, 90]
[0.1423360743133155, 0.5877985558214914, 4.886242892214425]
[100, 85, 134]
[0.7220260007474854, 0.6451595886565065, 4.972202148442662]
[68, 48, 58]
[0.6484601242880447, 0.6637564450502803, 5.041764743742089]
[64, 50, 62]
[0.6484601242880447, 0.6637564450502803, 5.041764743742089]
[64, 50, 62]
[1.22094569692016, 0.595171335180124, 4.436314085116716]
[70, 52, 65]
[-2.496229607234892, 1.196604973039796, 8.389088407200409]
[208, 165, 145]
[1.087559348553282, 0.7496185892954748, 4.56602140468947]
[78, 62, 76]
[0.932504782661963, 0.9162944589241757, 4.71849589894269]
[71, 56, 68]
[1.101138918698435, 1.071927278961485, 4.506914420861615]
[129, 115, 141]
[0.8790512810365361, 1.265673900402073, 4.604626978052853]
[116, 104, 122]
[0.5561358384208045, -1.767226557877424, 5.377224338614631]
[134, 122, 141]
[-0.2599596873655747, -1.970505599176919, 6.256698089173213]
[78, 62, 84]
[-1.837996097456466, -2.341479002051588, 7.917672192375846]
[84, 66, 90]
[-1.554261650236964, -2.2189902369502, 7.637020422038595]
[74, 60, 86]
[0.3323258898422601, -1.728369570694507, 5.619276063318434]
[56, 38, 60]
[0.6453953591449175, -1.566583797909735, 5.262090068211037]
[76, 60, 82]
[-1.47772837723907, -1.823012584295558, 7.494224406583998]
[71, 56, 76]
[0.8731821798377005, -1.304274733203906, 4.984182151750542]
[132, 112, 134]
[-0.759835261814293, -1.437568868233009, 6.037810521375111]
[26, 22, 44]
[0.8571456825103305, -1.234139955893892, 5.005397130239476]
[79, 64, 90]
[0.8541729184464445, -1.233595331550491, 4.998625906601595]
[79, 64, 90]
[-0.9373390817835225, -1.339024951400164, 6.257603600987652]
[44, 32, 63]
[-2.777173358791112, -1.777670783128203, 8.752304054206039]
[167, 126, 112]
[-1.938131313118894, -1.627353843544985, 7.954465448343678]
[79, 65, 79]
[-1.734038070783039, -1.49963574081518, 7.725892130002012]
[50, 40, 62]
[-1.696972506385032, -1.498718986726465, 7.701800779178201]
[61, 49, 75]
[-0.9731958922401912, -1.217177560223278, 6.181616694158969]
[28, 22, 47]
[-1.889097900505274, -1.486444731828396, 7.946703696993631]
[130, 108, 128]
[1.020390833999915, -1.01289572536994, 4.802345815726184]
[90, 68, 84]
[-0.5191751403295556, -1.260060416761884, 6.993283479496703]
[98, 76, 109]
[0.6039468517218756, -0.9948571852465806, 5.275581046125794]
[56, 46, 60]
[1.058472791223316, -0.8445376646702054, 4.766668743261282]
[70, 55, 82]
[1.058472791223316, -0.8445376646702054, 4.766668743261282]
[70, 55, 82]
[0.8570103555000124, -0.6018726575376971, 4.939358142541275]
[72, 56, 72]
[1.111611521736107, -0.4744589705934649, 4.67076087099011]
[64, 48, 68]
[1.156461310227586, -0.4634270246346816, 4.620378281011718]
[59, 44, 69]
[-1.494981736714254, -0.5794720353875339, 7.383063828635759]
[62, 50, 63]
[0.5645381855213956, -0.3958738450716269, 5.232649810030704]
[66, 55, 83]
[0.609567387932711, -0.3837523328796494, 5.200979244273563]
[127, 105, 120]
[0.7100058271611041, -0.1497563048224775, 5.053676444305166]
[79, 64, 82]
[-0.4378487205505778, -0.05572194943241753, 5.824705949756464]
[40, 31, 66]
[-0.04408292943971722, -0.04518418053464997, 5.56252042346366]
[44, 35, 60]
[1.032596576353642, 0.1361325642539625, 4.682116675131307]
[58, 46, 64]
[-0.1510860317596069, 0.3158459777798504, 5.648912347941167]
[48, 36, 66]
[0.5413042010295602, 0.4570281619184064, 5.155812416667541]
[65, 52, 73]
[-2.778602133878782, 0.8124148968808105, 8.611242859672544]
[59, 28, 27]
[1.051083193090037, 0.4284936666580219, 4.645329661208704]
[59, 42, 64]
[-0.6939766736347978, 0.677206152336413, 5.752318383780906]
[62, 46, 74]
[0.9699762432318236, 0.6229260079427038, 4.721045564101932]
[52, 42, 60]
[0.965611913942208, 0.6366994257493178, 4.717238758309205]
[127, 107, 122]
[1.197527897143201, 0.7410383192284345, 4.454243297448274]
[68, 52, 66]
[-0.1444880193944287, 0.8942130502897075, 5.072074019430994]
[56, 56, 92]
[0.8082685709420742, 0.9403977672871127, 4.85502337814444]
[92, 67, 81]
[0.8132315292645895, 0.9381946757676342, 4.831987672028905]
[86, 68, 78]
[0.8506775747598148, 0.9366470209174701, 4.807993759849259]
[62, 48, 62]
[1.068520330320682, 0.8940423664264917, 4.568960821357832]
[68, 59, 78]
[0.8496223415713625, 1.132553114757894, 4.777115350563179]
[130, 108, 120]
[-0.03007584389485576, 1.187962992228333, 4.98609150152948]
[56, 46, 70]
[-0.03007584389485576, 1.187962992228333, 4.98609150152948]
[56, 46, 70]
[1.232665130409713, 1.06722047794286, 4.379884064375402]
[61, 46, 66]
[1.193301449381458, 1.08963041013544, 4.416126211205221]
[47, 34, 46]
[-1.935462808682475, 1.327911794365146, 5.452424541557235]
[100, 76, 103]
[-1.935488021294472, 1.31756259435743, 5.415811332559426]
[100, 76, 103]
[-1.793813356115154, 1.300192781009184, 5.265064740629819]
[92, 71, 104]
[-1.793813356115154, 1.300192781009184, 5.265064740629819]
[92, 71, 104]
[-0.1106980843867959, 1.268762603403176, 5.039949509128228]
[94, 72, 104]
[-0.9240288459507154, 1.160662473707796, 4.669074418083486]
[63, 45, 84]
[-0.9240288459507154, 1.160662473707796, 4.669074418083486]
[63, 45, 84]
[-0.03987068915647607, 1.258495575560386, 4.956914851900572]
[84, 70, 106]
[-0.03987068915647607, 1.258495575560386, 4.956914851900572]
[84, 70, 106]
[-1.6116287636876, 1.278283126172549, 5.067681698309787]
[93, 72, 108]
[-1.539623253125402, 1.269654349926994, 4.990286687746223]
[98, 74, 104]
[-1.377887192687685, 1.253761896998581, 4.829121191403946]
[103, 80, 112]
[-0.6832582379457787, 1.229140544927867, 4.647212532021753]
[102, 82, 113]
[-0.6832582379457787, 1.229140544927867, 4.647212532021753]
[102, 82, 113]
[-1.98075763803808, 3.888918653274819, 14.5818592691693]
[92, 72, 106]
[-1.213187796515192, 1.226940948671055, 4.67343113899341]
[140, 120, 170]
[-1.270368553624269, 1.239975809756061, 4.706574785367351]
[95, 74, 109]
[-1.270368553624269, 1.239975809756061, 4.706574785367351]
[95, 74, 109]
[-1.542154143280885, 1.305031117058944, 4.937427748217466]
[64, 50, 80]
[-1.16526323799806, 1.23456633689708, 4.644709969364913]
[108, 84, 126]
[-1.04334854845302, 1.262625451171944, 4.588213119345864]
[66, 52, 95]
[-1.04334854845302, 1.262625451171944, 4.588213119345864]
[66, 52, 95]
[-1.614379543000114, 1.422690806210694, 4.866174192511303]
[255, 211, 189]
[1.217881602412567, 1.338388704290178, 4.154427518638906]
[47, 20, 17]
[0.752238271708396, -1.595138278329778, 5.166590048072119]
[74, 59, 80]
[0.8509055552382486, -1.320150925700198, 5.018231656823514]
[64, 50, 70]
[0.9005324877635318, -1.304738214543791, 4.969910856287243]
[136, 110, 126]
[1.166298922442305, -1.235702178603151, 4.671456574302672]
[117, 96, 116]
[-2.45685699746916, -1.93060669220714, 8.569194718466182]
[130, 108, 119]
[0.5750586006921248, -1.287901754914421, 5.305859452300409]
[66, 57, 79]
[0.6445484479440674, -1.273924112219311, 5.233283358180836]
[141, 116, 129]
[-3.456180500363124, -1.919259289946064, 9.108974565446927]
[132, 117, 140]
[0.7677675155046616, -1.235685034296967, 5.096152841555889]
[142, 118, 132]
[-1.101817668964018, -1.342874719272095, 6.310115259887106]
[79, 69, 120]
[-0.9490987465032804, -1.311211070801394, 6.239921570279338]
[90, 79, 129]
[-0.9490987465032804, -1.311211070801394, 6.239921570279338]
[90, 79, 129]
[0.2632270757238092, -1.2500802312744, 5.634453199841457]
[56, 48, 76]
[0.2523061870424426, -1.226430853280654, 5.643559225747771]
[142, 122, 138]
[0.9607350971023154, -1.005511962855485, 4.864848741936181]
[70, 60, 74]
[-0.8309674282844198, -1.046383296899779, 6.175681210953868]
[100, 80, 130]
[1.112313465690915, -0.621345999327417, 4.687183087297001]
[62, 49, 66]
[0.7468792203795265, -0.6005723111206579, 5.071345866744531]
[66, 60, 84]
[0.7468792203795265, -0.6005723111206579, 5.071345866744531]
[66, 60, 84]
[0.6972185226540296, -0.416385927903701, 5.118642376330337]
[58, 46, 66]
[0.5944924360726841, -0.3949278612686496, 5.21332244785498]
[50, 40, 54]
[1.291986532569794, -0.3545147424148926, 4.458340742322406]
[71, 59, 85]
[1.052458866984702, -0.2671224964710717, 4.692146841644017]
[54, 43, 62]
[0.6500735163122643, -0.2263995380509832, 5.115067061020006]
[52, 44, 67]
[1.15888998357294, -0.06719814379057146, 4.571437192396973]
[60, 44, 61]
[-0.05593838881448771, 0.1698097401881138, 5.561865053776185]
[28, 22, 46]
[1.120548809510877, 0.1818516001560158, 4.593123193299524]
[137, 120, 140]
[1.134238913645484, 0.1931052531812775, 4.578826286816972]
[81, 64, 79]
[-0.8187930742583502, 0.3159130403123066, 5.921932890590929]
[158, 176, 185]
[-0.06076821522742699, 0.3033848008515554, 5.582607030078499]
[38, 32, 62]
[0.7098677776437675, 0.4155623998651948, 4.990638027710083]
[70, 54, 72]
[0.9006257429993239, 0.4072757689051765, 4.784397195610913]
[134, 118, 141]
[1.053598349807573, 0.4441792791672727, 4.646436787676784]
[130, 110, 126]
[-2.473879013490275, 1.046973710602809, 8.200761033924501]
[211, 168, 150]
[-2.47652332391375, 1.105554240478243, 8.388343084347479]
[112, 91, 106]
[0.9878894115822912, 0.6145809079007457, 4.695276320868848]
[60, 48, 64]
[0.8012063475243932, 0.7895136471925815, 4.824316536619138]
[71, 53, 68]
[-2.726837446604137, 1.510164880377576, 8.405578158966282]
[166, 128, 118]
[1.104678785246632, 0.8899161977516905, 4.493065703128362]
[56, 49, 64]
[1.122679540333632, 1.06811712719412, 4.493213209961565]
[140, 122, 141]
[1.198680567149164, 1.080232894916076, 4.377506144292033]
[58, 44, 62]
[-0.9887128978735565, 1.135402539735179, 4.67215088416874]
[78, 58, 90]
[-0.6311189206323961, 1.236961348343403, 4.706390279279597]
[98, 80, 106]
[1.138462115828133, 1.250909191998566, 4.31979774028027]
[108, 96, 112]
[-2.432531582759433, -2.373331536846618, 8.539986678478069]
[119, 95, 120]
[0.6796015637970688, -1.305918512858675, 5.198267187889138]
[56, 46, 62]
[0.6831306172539763, -1.306632709333013, 5.206879771608232]
[56, 46, 62]
[-0.1777828004781717, -1.293441960239627, 5.68639792951674]
[80, 66, 109]
[-2.447936887116912, -1.693797938340827, 8.546191338481329]
[116, 94, 112]
[-1.634841148770883, -1.50726374603359, 7.634633500127925]
[80, 68, 82]
[1.1166071491284, -1.020304007741814, 4.696346438051409]
[71, 52, 64]
[-2.43736136233188, -0.4494007577285671, 8.326480040490429]
[102, 84, 100]
[-2.441066659371194, -0.3097500134633712, 8.325767242319303]
[115, 90, 110]
[0.8330292327244828, -0.2410567060466985, 4.927945253453282]
[49, 44, 63]
[0.5537821979516635, -0.2117092291085863, 5.248094758072837]
[52, 44, 58]
[0.5537821979516635, -0.2117092291085863, 5.248094758072837]
[52, 44, 58]
[-2.500680890686202, 0.5601244969000579, 8.37885133261809]
[222, 176, 159]
[0.7036996473187351, 0.3751992580590561, 4.987568948963423]
[74, 64, 89]
[-2.444850806876926, 0.9358961325227371, 8.187156183186069]
[106, 87, 104]
[-2.470122605274936, 1.041471282909289, 8.164210814186287]
[211, 168, 150]
[-0.08654190874262525, 0.8633447393629972, 5.025229274558363]
[32, 32, 59]
[-1.158211404308485, 1.269929452433077, 4.608118820503929]
[59, 46, 80]
[1.276564531018248, 1.206974774071911, 4.18447093262811]
[136, 122, 133]
[1.170036298460305, 1.264116138998742, 4.287531913875739]
[252, 180, 166]
[1.127105340916139, -1.427980654021858, 4.749871795514079]
[54, 43, 50]
[0.7683596053839039, -1.00012086653068, 5.081087524992386]
[71, 60, 76]
[-2.455598635477783, -0.7735555785013198, 8.509682352594327]
[116, 92, 112]
[0.7074158509639681, -0.392950127500903, 5.089870044175643]
[138, 114, 130]
[-2.432361847370291, -0.169911815351861, 8.309810852841688]
[118, 98, 114]
[0.6612616167460583, -0.1204625601240756, 5.097908048828913]
[55, 50, 74]
[0.6071383677078148, 0.0256079450863935, 5.135176773351456]
[138, 114, 130]
[1.081463440853037, 0.3993058249006776, 4.611195877982758]
[119, 105, 132]
[-0.1151823297689937, 0.5883790923632866, 5.16843574115248]
[107, 86, 138]
[0.9771480652385903, 0.7961383292568953, 4.679759919106226]
[135, 110, 124]
[-0.6665283507691822, 0.879902137323693, 4.718545826997596]
[38, 36, 69]
[0.8148035975852304, 1.140484006735101, 4.818057106028605]
[132, 113, 137]
[0.9648604777900815, 1.129036314965301, 4.671521669662861]
[67, 52, 62]
[0.8687748435363373, 1.158049048189127, 4.7020408838241]
[135, 110, 125]
[0.9818608801239781, 1.150232530359965, 4.649902367764017]
[140, 120, 137]
[0.9057867246157917, 1.273288951182358, 4.57228550330678]
[83, 66, 72]
[1.152824479320283, 1.257796552825373, 4.307149778060902]
[26, 18, 13]
[1.240013365146746, 1.345278990073042, 4.203235487866491]
[32, 20, 18]
[-2.475936209823769, -1.846466174157007, 8.474982357103807]
[239, 187, 172]
[0.6832132669919877, -0.1944793068243277, 5.086449534280049]
[139, 119, 142]
[-2.422046882364638, -0.09040260657708429, 8.24232214097677]
[111, 92, 116]
[0.6665844157092575, 0.4794402629830371, 5.04661560230625]
[128, 106, 119]
[-0.8313484430939547, 0.9099799376948273, 5.761510338471719]
[58, 49, 62]
[-0.7261565327724936, 0.8937478934118781, 5.645979948389291]
[50, 42, 54]
[0.116540708016682, 0.8979030207680806, 4.861942754949363]
[26, 27, 40]
[0.116540708016682, 0.8979030207680806, 4.861942754949363]
[26, 27, 40]
[0.8061851103796288, 1.080655116586877, 4.82846103667967]
[126, 106, 126]
[1.039952992533101, 1.074686156132807, 4.523887242135384]
[126, 108, 133]
[-2.418764120216172, -1.791265385676128, 8.487803290750941]
[108, 92, 116]
[-2.421436661066757, -1.194515887777094, 8.461639534569692]
[122, 92, 111]
[-0.9223899578715966, 0.9202817609932612, 5.848156055089059]
[56, 49, 67]
[-2.405732579823285, -1.186645493367175, 8.401692605989435]
[124, 96, 114]
[-2.723203911268395, 0.7435835495450926, 8.625285061347274]
[210, 164, 146]
[-2.832389275983046, 0.8144060066544787, 8.634779068045983]
[56, 36, 29]
[1.159677804627093, 1.306371403698856, 4.236469785160131]
[247, 174, 156]
[1.184561235527914, 1.316477480154755, 4.2692256325674]
[247, 174, 156]
[-0.5355755654334613, -1.100960794886133, 5.802542674957551]
[81, 70, 116]
[-0.1187613179992983, 0.8048940225726272, 5.089798984751288]
[130, 112, 156]
[-2.369452367503175, 0.03872204343153429, 8.293140045566172]
[111, 80, 98]
[-1.153275179573102, 1.228601593320866, 4.664317336096451]
[144, 121, 170]
[1.073648979041826, -1.427773067796637, 4.779576770068244]
[56, 34, 48]
[1.036438730033233, -1.422645391185019, 4.817954783942198]
[46, 28, 40]
[1.036438730033233, -1.422645391185019, 4.817954783942198]
[46, 28, 40]
[0.8712972263436545, -1.196812327190007, 4.973581219874135]
[62, 48, 65]
[0.637411192317794, -1.109339555198619, 5.209186829521501]
[76, 61, 88]
[0.637411192317794, -1.109339555198619, 5.209186829521501]
[76, 61, 88]
[0.6125619057585898, -1.107495671407517, 5.241515219532662]
[81, 66, 92]
[0.3863893756349125, -1.076340048941804, 5.485695056159846]
[78, 64, 88]
[0.6852373333448668, -0.9943835279587824, 5.163890527018757]
[62, 47, 71]
[1.083000520840631, -0.8556283249884034, 4.723150395469122]
[81, 60, 81]
[1.102430988897556, -0.8125437334407313, 4.697235731288679]
[76, 62, 85]
[0.9317681889223937, -0.7992105732641098, 4.872882533457776]
[74, 64, 93]
[0.8107267129648995, -0.7937090279169386, 5.003947460255785]
[60, 50, 69]
[-2.798407112896238, -1.079089895905038, 8.868469437457012]
[169, 126, 108]
[0.6704751975944852, -0.592462843546615, 5.161498965712672]
[64, 50, 62]
[0.5161486429875559, -0.5631348775050242, 5.295793807120328]
[68, 56, 80]
[-2.489614027683282, -0.792426395732192, 8.577611330372021]
[230, 184, 164]
[0.9458853686883211, -0.4556819892276501, 4.833728611099115]
[107, 94, 120]
[-2.194303962433456, -0.4577561509570983, 8.227627561855877]
[72, 58, 69]
[-2.797695003135053, -0.4124750078459911, 8.816704706519745]
[166, 124, 110]
[1.220728584150404, -0.233933912070125, 4.502610546367503]
[128, 108, 132]
[-2.77724425420944, -0.3254173765628062, 8.807707207412484]
[90, 46, 36]
[0.5102536906313436, -0.2138697987669568, 5.271498101160157]
[66, 51, 74]
[-2.140275923679537, 0.09216061835748925, 8.13051758057974]
[54, 34, 44]
[-2.473335521843025, 0.1152151293170656, 8.486955285615201]
[106, 72, 71]
[1.0154876152785, 0.1486302364642078, 4.686183028069077]
[132, 112, 132]
[-2.476718825425249, 0.5957868724133392, 8.441874837172202]
[134, 98, 93]
[0.5584816851793984, 0.5610055282696956, 5.145062038601092]
[140, 118, 130]
[0.08554928033110716, 0.5854469470279234, 4.915543461930653]
[53, 40, 68]
[0.08554928033110716, 0.5854469470279234, 4.915543461930653]
[53, 40, 68]
[-0.4530278703657707, 0.6519472587731725, 5.528446438933275]
[52, 39, 66]
[-1.571639345986642, 0.7845225332398053, 6.730180752077823]
[48, 40, 60]
[-0.5180540600850991, 0.6790332595846165, 5.594970500503103]
[50, 38, 62]
[0.0721055385369372, 0.6178571716615021, 4.921379286325606]
[57, 44, 78]
[0.7165259957913561, 0.9383563949303478, 4.950404228930481]
[89, 64, 74]
[1.278525442865919, 0.8791127313709666, 4.320916873685653]
[50, 40, 59]
[1.278525442865919, 0.8791127313709666, 4.320916873685653]
[50, 40, 59]
[-2.5003852382698, 1.629972416422611, 8.366770514912698]
[206, 172, 154]
[1.050186088053632, 1.135914544886904, 4.51742239867756]
[74, 56, 74]
[1.172436952661055, 1.243794130292957, 4.279085059171852]
[122, 86, 88]
[-1.128641335709043, 1.27278354838812, 4.609868958129899]
[68, 56, 102]
[-1.128641335709043, 1.27278354838812, 4.609868958129899]
[68, 56, 102]
[1.117516030179073, -1.624282368446383, 4.77371701149201]
[131, 110, 128]
[0.1609454352318719, -1.868346434680766, 5.816613098092954]
[136, 114, 130]
[0.6557523570595351, -1.586402838955435, 5.2660405643141]
[132, 116, 140]
[0.8945795573890795, -1.325561689487169, 4.983086986246957]
[72, 56, 86]
[1.142697592417604, -1.217660577081185, 4.692704330121222]
[57, 42, 60]
[0.6203185107283152, -1.292894777804161, 5.250605858392778]
[70, 56, 74]
[0.1394482746412343, -1.333123132990164, 5.769078798597496]
[134, 111, 134]
[-2.802123854976767, -1.856540330242321, 8.923479264592743]
[175, 132, 114]
[0.6899912362998549, -1.132065632394754, 5.169413418078651]
[120, 102, 124]
[0.9014954864312733, -0.9955525870826686, 4.91903766391744]
[72, 58, 70]
[0.9559477081209001, -0.9848354010584255, 4.860606692387353]
[128, 114, 138]
[-1.857655389442529, -1.334179696603229, 7.937463578375218]
[78, 64, 86]
[0.9131000281249434, -0.795677482132592, 4.883553426727034]
[80, 65, 96]
[0.7567298647609039, -0.7742780204148489, 5.064448649177979]
[132, 110, 120]
[0.3771222670326655, -0.3647935307692926, 5.405938045394831]
[140, 121, 146]
[0.894472791907757, -0.05429073867397247, 4.847496299923174]
[129, 114, 139]
[0.8382969789729459, -0.0363419564191359, 4.909319967902521]
[74, 62, 86]
[0.6562333578064087, 0.0003291422481271117, 5.059489160095644]
[136, 118, 136]
[1.2716180881794, 0.0713830281824985, 4.418146397046461]
[124, 108, 130]
[0.9908647741267856, 0.1031517681008485, 4.715323018714087]
[129, 110, 138]
[0.006581727469919896, 0.1757530050301894, 5.485534237616323]
[35, 27, 56]
[1.034297482739199, 0.1605334371354906, 4.633324467590457]
[80, 68, 90]
[1.148519545245146, 0.2059449696024616, 4.515649388634074]
[89, 75, 98]
[-0.8415414971119316, 0.3113802342082129, 5.914136998149901]
[158, 170, 176]
[0.9550139216806465, 0.2708001418879815, 4.733386676028626]
[88, 68, 81]
[0.6022905292811377, 0.3284478634295769, 5.133934857368191]
[134, 111, 124]
[1.276751819817555, 0.3154835421755339, 4.391852844392826]
[120, 109, 136]
[0.6302998054560959, 0.5394031348818682, 5.069404230059345]
[142, 120, 124]
[-0.1990160985148499, 0.6511377811253823, 5.239344450719473]
[58, 49, 80]
[0.6460127358847336, 0.6491618700740837, 5.046013547323521]
[126, 106, 128]
[0.6315971142642748, 0.6671830953953912, 5.062460951669945]
[66, 48, 64]
[-2.468878018903345, 1.050367782406058, 8.399465587037183]
[114, 88, 100]
[-2.804829556367539, 1.102958331863723, 8.705287216149147]
[145, 110, 94]
[-0.3705389751763937, 0.7890289602558344, 5.422003989249814]
[54, 44, 74]
[-0.3828239748196274, 0.7853966921188225, 5.390408109734875]
[54, 44, 74]
[0.8070637425780705, 0.7853965546876253, 4.802291390158663]
[76, 58, 73]
[0.7728276615439519, 0.8916183189054082, 4.841065127594976]
[136, 118, 134]
[1.239932432857708, 0.8136789102144528, 4.317419080887741]
[72, 65, 94]
[1.269199316972455, 0.819514330527355, 4.347903326044139]
[72, 65, 94]
[-2.501747994084937, 1.502451694697267, 8.382892549340184]
[114, 86, 79]
[1.211951056728601, 1.046873998657421, 4.344590326021963]
[132, 114, 136]
[1.235614918012606, 1.087670594029937, 4.368085104932912]
[70, 52, 64]
[1.041253382810055, 1.148267694903099, 4.519194766300387]
[136, 118, 132]
[-1.907469768146892, 1.311555133408583, 5.373524542523384]
[101, 80, 105]
[-1.907469768146892, 1.311555133408583, 5.373524542523384]
[101, 80, 105]
[-1.679884012579584, 1.282470514594964, 5.125801441124691]
[94, 76, 106]
[-1.611219078928571, 1.284610807292681, 5.08933562885351]
[94, 74, 108]
[-0.8910493860492569, 1.232445423864549, 4.641925799610446]
[108, 85, 122]
[1.158425327519735, 1.251919710527453, 4.233761472793817]
[65, 18, 23]
[-1.088193260694128, 1.224276743028409, 4.616945444643608]
[114, 91, 125]
[-0.7352483332970204, 1.267132452481755, 4.601920592468822]
[76, 63, 102]
[0.6951807614461348, -1.613307856037286, 5.217704922564915]
[85, 68, 84]
[0.7456387855921303, -1.593446916601716, 5.154477666367486]
[74, 58, 78]
[0.720321060005721, -1.587443643710474, 5.200154376554187]
[64, 45, 59]
[1.158631114995062, -1.439606364611385, 4.717581867048509]
[58, 42, 58]
[0.3463996467563036, -1.540582829311475, 5.578675774983376]
[146, 124, 138]
[0.8510101182043965, -1.320643119526733, 5.018311073079564]
[63, 52, 70]
[0.8164873527443336, -1.320024408373428, 5.061587508417132]
[62, 50, 80]
[0.2105292192336956, -1.361738717373426, 5.70764914813373]
[76, 60, 75]
[0.5749448347750109, -1.288299809284518, 5.305737214120288]
[68, 58, 79]
[0.7162584134496064, -1.197430586346464, 5.136840751383128]
[122, 103, 126]
[0.7212175160000016, -1.179945671398112, 5.143344814516499]
[66, 56, 67]
[0.4461819921170415, -1.094978864824909, 5.422885364159347]
[82, 68, 100]
[0.9097150507236017, -0.9786304948232308, 4.918031017281269]
[130, 116, 140]
[0.3545602970111423, -1.045755067954786, 5.522229687104437]
[132, 112, 133]
[0.2599283344502696, -0.9571301992950175, 5.601814607841831]
[130, 114, 140]
[-0.735382198949761, -0.536323261781531, 6.190967286089661]
[77, 68, 110]
[1.053263440418377, -0.4570693586308312, 4.710565529292079]
[64, 52, 76]
[0.9087265504187075, -0.4394187355575767, 4.863155602628328]
[66, 56, 80]
[1.111003180500574, -0.09750725202398845, 4.613638463073777]
[128, 108, 124]
[0.9046900695470755, -0.04372700863442368, 4.817692525375828]
[49, 43, 61]
[0.5922419272330613, -0.005753268241017629, 5.141402121545658]
[68, 56, 79]
[0.9666605863093908, 0.4483215987547876, 4.715094106167516]
[125, 108, 126]
[-0.1620319661469216, 0.7341759143502847, 5.198983244160069]
[44, 40, 64]
[-0.1159771032005306, 0.7275565444172556, 5.139250122277899]
[42, 39, 53]
[-0.1890682176103403, 0.7609692966993243, 5.18682553078666]
[68, 57, 95]
[0.7795694939668242, 0.7738515631587873, 4.834047534718164]
[128, 114, 137]
[1.117141155481745, 0.7418056629513758, 4.509822198228007]
[64, 52, 68]
[0.8088839884767537, 0.7960446011097017, 4.874994168726605]
[87, 69, 80]
[1.018424892321973, 0.7648727873164364, 4.635215879989383]
[66, 55, 70]
[1.002194455549368, 0.7626903143479897, 4.614475228324]
[66, 55, 70]
[-1.679043237579459, 0.8299560397198161, 5.15965390851165]
[66, 56, 103]
[0.8369101323720222, 0.9528300460526488, 4.816478238281894]
[154, 125, 135]
[0.7865910843976108, 1.109836120277031, 4.783327022367995]
[57, 41, 56]
[1.115192828225881, 1.151893896165042, 4.442030655304747]
[76, 62, 84]
[1.161128531821216, 1.253089414991993, 4.231690740038095]
[57, 21, 18]
[-1.077345899868208, 1.261354111104113, 4.581485533174229]
[70, 57, 98]
[0.7121325737698914, -1.28743258370291, 5.161590304230843]
[129, 107, 130]
[-1.635059243012482, -1.532212088596751, 7.713138612544661]
[80, 68, 81]
[-1.870441780903527, -1.527792736915473, 7.986674664455509]
[50, 44, 64]
[0.7677660709975387, -0.5944879904779017, 5.035604699867323]
[46, 40, 61]
[-2.881084706832937, 1.455786828409871, 8.661430801158117]
[68, 46, 40]
[0.8827292001268173, 0.9286819486444837, 4.767350070425713]
[62, 47, 60]
[0.8005952153868103, 0.9555683904879968, 4.855934128188071]
[151, 122, 132]
[-1.137072535083867, 0.8444424230889918, 4.646351691563965]
[93, 79, 128]
[1.128120624582723, 1.073094461783683, 4.44008738636873]
[124, 109, 131]
[0.6506059153617151, 1.179872643745075, 4.992192808751346]
[140, 108, 118]
[1.021755211288605, 1.141191826269768, 4.594691665643113]
[114, 102, 126]
[1.190717629097779, 1.262112582904822, 4.256219193718011]
[46, 22, 17]
[-1.603758663099332, -0.872399442138276, 7.542167275639721]
[124, 110, 131]
[0.6337537221813335, -0.6031723113109606, 5.180880786159309]
[58, 50, 56]
[0.8714437189125047, -0.4104685195615906, 4.903295748615784]
[138, 120, 136]
[1.22381301332657, 0.09752002662177624, 4.438253407989276]
[94, 76, 96]
[-2.749407268125007, 1.011336023116524, 8.731929005472347]
[196, 150, 134]
[-0.08202457570402584, 0.7097212843472771, 5.082080326566913]
[64, 59, 82]
[0.07646839274990799, 0.8379212682624263, 4.813829268331515]
[25, 26, 37]
[1.197149254172902, 1.045880323551718, 4.36396868820901]
[128, 109, 127]
[1.190633500207785, 1.262465368288569, 4.245556270433887]
[39, 25, 17]
[0.5998045515598914, -0.2299428436867143, 5.181279169376076]
[58, 49, 60]
[0.5820443861753786, -0.03728765949552767, 5.17188183083738]
[132, 110, 134]
[0.6308498526777436, -0.00771995408881667, 5.116566667609206]
[54, 48, 64]
[-2.502872692798216, 0.5599995625966124, 8.430635932865185]
[223, 175, 161]
[1.054972242131641, 1.132303741949309, 4.481005844047021]
[129, 111, 134]
[1.114970509070842, 1.345954739070556, 4.256275876726059]
[18, 14, 12]
[-0.9434018962265674, -1.215541633000896, 6.198445258151208]
[22, 22, 44]
[0.6033671693212662, -0.9749950196499018, 5.256510655237166]
[75, 64, 76]
[-2.433692056538461, -1.109983312450824, 8.581533431425612]
[116, 84, 101]
[0.6762348698865486, -0.1920968057659358, 5.079870780793222]
[144, 123, 146]
[0.8861721502632307, 1.116414017011132, 4.698118142985339]
[92, 74, 95]
[-2.442507673455179, 0.08442717878458868, 8.533586617641436]
[115, 84, 101]
[-2.722609730747157, 0.9142137092820126, 8.654467697833363]
[205, 161, 144]
[-2.409010736081169, -1.827734119369859, 8.867768951145191]
[115, 93, 114]
[1.056363033092742, -1.63382158376287, 4.871647327614488]
[71, 48, 62]
[0.6923854503769296, -1.580154789913392, 5.239183352967993]
[92, 69, 94]
[0.2767995159907193, -1.525782761958982, 5.65016162369039]
[136, 114, 134]
[1.072876110894216, -1.434401732651729, 4.826031145854171]
[49, 30, 42]
[1.072876110894216, -1.434401732651729, 4.826031145854171]
[49, 30, 42]
[0.6774336486373391, -1.421997458517997, 5.216969332516162]
[82, 61, 85]
[0.6833416092890136, -1.412311063520527, 5.230263147998254]
[130, 106, 128]
[-1.523005224711182, -1.533033455619198, 7.593315819101543]
[62, 50, 76]
[-2.467969012045129, -1.489808699786238, 8.629795149910814]
[139, 103, 102]
[0.5659839707120602, -1.284703916074639, 5.335015570767983]
[76, 62, 86]
[-1.322405581607455, -1.362131837700322, 7.273342613596324]
[82, 64, 88]
[0.4738738661999445, -1.273524570135554, 5.422774805242273]
[78, 60, 82]
[0.4478698368148958, -1.262865190085714, 5.435169508959806]
[68, 51, 74]
[0.996381648013172, -1.222404437974758, 4.873810980989873]
[123, 106, 120]
[-1.530971197140094, -1.158635692660336, 7.566052993928163]
[86, 69, 93]
[-2.25650848105945, -1.039753292795651, 8.368707728191682]
[118, 102, 130]
[0.7519359505522271, -0.7907200482909889, 5.064060700301869]
[70, 57, 82]
[0.5829560110932411, -0.7402118673470149, 5.231112186905636]
[136, 118, 134]
[0.3777911991471905, -0.6993641032333907, 5.450587251058186]
[94, 72, 90]
[-2.028835448747351, -0.6613601441378903, 8.096116704623155]
[59, 41, 56]
[0.6740935390385159, -0.5821924592535661, 5.14095025631129]
[125, 100, 112]
[-1.984681315696506, -0.4919627258326144, 8.013986059528023]
[122, 98, 104]
[0.4166915333389424, -0.382819506291017, 5.365107187626559]
[74, 60, 84]
[0.540934495167093, -0.2312482052217934, 5.217283881546378]
[129, 114, 140]
[-1.820300158391802, 0.04999160001756083, 7.822067858514574]
[50, 35, 49]
[-1.820300158391802, 0.04999160001756083, 7.822067858514574]
[50, 35, 49]
[-0.5271812953270643, 0.1900037191630681, 5.879206462286096]
[28, 20, 66]
[-0.7964373776225706, 0.2641427952128206, 5.920234591300219]
[192, 204, 205]
[0.7789319565181198, 0.1580492009564173, 4.90719989014632]
[76, 57, 76]
[0.4985462405644884, 0.1964096695250923, 5.218865543769858]
[62, 54, 76]
[1.200095971328088, 0.2167947498031967, 4.443928781269086]
[96, 80, 102]
[-1.264041135852463, 0.5381332649145042, 6.877154786507982]
[37, 26, 64]
[0.6501123622866731, 0.4844944352192637, 4.996905243922542]
[93, 71, 94]
[-0.8517602690134053, 0.6750740096734423, 5.916892606772206]
[110, 66, 60]
[-1.76857972334025, 0.80788461528939, 6.940850263145049]
[34, 30, 56]
[0.1150327950369182, 0.5810644304511277, 4.848265593529226]
[103, 92, 130]
[-0.3758755276376421, 0.6688898481238178, 5.38551625618855]
[53, 45, 69]
[-0.004239668287133857, 0.6260186109059734, 4.97952255551524]
[48, 39, 66]
[-0.6323141668658296, 0.7658698789910974, 5.671342122304651]
[58, 44, 76]
[-0.2195950425037476, 0.7153726236677697, 5.212716055933933]
[59, 44, 90]
[-0.4783762099528223, 0.7612516405442222, 5.495081356259582]
[58, 42, 80]
[-0.3745462408703225, 0.7494576199085834, 5.38247530660364]
[52, 36, 69]
[0.1029178839619354, 0.6741591703515557, 4.854208157555514]
[48, 38, 68]
[0.7431084364959937, 0.8515123992602037, 4.839585571199231]
[127, 112, 132]
[1.083175102763372, 0.8705410387772727, 4.47009218682498]
[118, 106, 130]
[-0.05709599727441958, 1.092597722323385, 4.974106029388513]
[47, 35, 80]
[-1.431880834641596, 1.050136106418978, 4.90971867097759]
[61, 42, 82]
[0.714131875294951, 1.184564609409317, 4.811994372476136]
[129, 112, 135]
[1.091048061342748, 1.263697356814116, 4.262549087642115]
[129, 112, 118]
[0.6054384562824929, -1.54680796924947, 5.313237620472182]
[85, 63, 82]
[0.9358577804074046, -1.401481695312638, 4.959515778303504]
[136, 112, 132]
[-2.253477150515118, -1.628981369274633, 8.399165126242478]
[60, 46, 62]
[-2.253477150515118, -1.628981369274633, 8.399165126242478]
[60, 46, 62]
[-1.551120598923596, -1.533387680124613, 7.622974729209703]
[66, 56, 75]
[-1.735687238748788, -1.532363068661233, 7.822511211112816]
[45, 34, 58]
[0.3158867971132621, -1.268676251532444, 5.589893664050368]
[72, 58, 85]
[0.4268629886695767, -1.264945225432072, 5.471292844470683]
[73, 58, 82]
[0.4268629886695767, -1.264945225432072, 5.471292844470683]
[73, 58, 82]
[0.2284896879861641, -1.247019370398008, 5.676046402368365]
[82, 66, 96]
[-1.816444216088053, -1.290778551765652, 7.748130353538972]
[128, 112, 134]
[0.7007058222890454, -1.185288524898247, 5.178032166968931]
[56, 40, 64]
[0.6358516237385758, -1.183363865294429, 5.238888180750424]
[82, 66, 88]
[0.7013363246396102, -1.168912765112475, 5.168090141023692]
[136, 116, 132]
[0.6993623085104007, -1.151717758505534, 5.16742038068792]
[75, 62, 86]
[-2.47223193071614, -1.030601515299249, 8.616679663934692]
[148, 115, 114]
[-2.253817668893189, -0.9743564545887209, 8.368483285301975]
[75, 62, 84]
[-1.379902609350822, -0.9421424596627338, 7.388760845124929]
[52, 42, 64]
[1.066744969655138, -0.830332901661645, 4.765097339340909]
[128, 108, 132]
[0.6973111527557364, -0.816313009921667, 5.131677067706904]
[134, 118, 144]
[-1.884012203410321, -0.8074494255552298, 7.752522834277858]
[64, 52, 76]
[-2.472924906621698, -0.8155600952891505, 8.589520246912452]
[148, 111, 110]
[0.2347678300547121, -0.533954921954615, 5.569199212879323]
[88, 72, 102]
[-2.001084884416358, -0.4483623339873458, 7.81369907762523]
[56, 33, 48]
[-1.977289482862667, -0.4561549345359366, 8.025918175281342]
[133, 110, 128]
[-2.368386748817294, -0.4415911597588433, 8.469490746702759]
[60, 48, 59]
[0.8407466925962392, -0.428586167796711, 4.930119398338948]
[62, 50, 65]
[-1.794713947894076, -0.3381021631298247, 7.840459921809986]
[50, 36, 54]
[0.557520092696727, -0.397500204351892, 5.221094106216322]
[74, 60, 88]
[0.5612868975962984, -0.3811727445931801, 5.21099806018584]
[150, 126, 145]
[0.6925396543919238, -0.2269210304598836, 5.080201935115311]
[63, 48, 60]
[-0.2568803457904146, -0.120226825945659, 5.797158953469358]
[38, 28, 66]
[-1.81866869845467, 0.04601521210942668, 7.59014047048298]
[47, 32, 46]
[-1.895602344965091, 0.04833721926439721, 7.906962586056207]
[54, 38, 51]
[-1.895602344965091, 0.04833721926439721, 7.906962586056207]
[54, 38, 51]
[-1.883912841155331, 0.06012610101943936, 7.643360551077626]
[54, 42, 51]
[-0.09507986579273639, -0.04266252402020288, 5.616340471656932]
[43, 33, 66]
[-1.231765756014116, 0.09120212868371591, 6.767416190223299]
[25, 22, 55]
[0.8978525398591234, -0.02682252735414972, 4.825812391859849]
[122, 104, 128]
[-0.2374100639710486, 0.05426843110543293, 5.761564088375988]
[42, 32, 67]
[-0.2614648800324679, 0.07994019296010953, 5.766291589212453]
[35, 28, 65]
[0.5880636976140114, 0.174822544264228, 5.121259993185852]
[78, 68, 96]
[-0.4407073815074033, 0.2570884096477819, 5.787472897193689]
[49, 38, 72]
[0.6464545896203151, 0.1797925136733613, 5.042311231162474]
[142, 124, 140]
[-0.1659723485448281, 0.3156818225766672, 5.629662769472116]
[36, 27, 66]
[1.135471313485715, 0.2052735092585079, 4.506449112320728]
[96, 78, 102]
[-1.172169187975227, 0.436374181882464, 6.778149081711111]
[39, 30, 60]
[1.194712897268869, 0.2308618296268908, 4.4438703946643]
[131, 115, 138]
[0.6507619899489924, 0.3034728686930046, 5.025500500090781]
[65, 48, 68]
[0.8012293562815364, 0.2907062216051256, 4.873249428377479]
[68, 54, 73]
[0.09002065752807516, 0.3506705158820059, 5.376345754981281]
[48, 36, 72]
[0.07460721996829511, 0.3742833719814675, 5.390937066483203]
[38, 28, 63]
[0.8804684258973187, 0.4064221733340503, 4.760710658404475]
[140, 126, 148]
[0.9872442312256808, 0.4029018756621734, 4.647833887708168]
[71, 63, 86]
[0.561886879284315, 0.4887004760328048, 5.084047257450272]
[132, 120, 142]
[0.5484447796619752, 0.5578670811392842, 5.091223871507778]
[136, 116, 136]
[-0.709702415988847, 0.6747487181174631, 5.731643310302875]
[56, 40, 73]
[-1.141584903472994, 0.7510862575718207, 6.247378699397128]
[50, 37, 74]
[-1.883486491123234, 0.9879630488074771, 7.80861763376258]
[54, 40, 50]
[0.01542295235178905, 0.6108182197950363, 4.97694946824731]
[38, 30, 56]
[0.5473595281722433, 0.6456197833151909, 5.082049210854375]
[64, 51, 75]
[0.9658972277469947, 0.6235345465465454, 4.641497949893704]
[127, 106, 122]
[0.9423670425500619, 0.6295848112687316, 4.66875959682247]
[130, 109, 128]
[-0.4541372227422283, 0.7595840399212811, 5.453339487704632]
[46, 35, 66]
[-2.47096812883758, 1.203025988775041, 8.472864325678865]
[121, 90, 85]
[1.115956032040471, 0.7356699477665447, 4.455671111828087]
[68, 50, 65]
[-2.487604685421769, 1.365065522293642, 8.464408901964243]
[202, 165, 148]
[-2.487604685421769, 1.365065522293642, 8.464408901964243]
[202, 165, 148]
[0.9870317001325905, 0.7782900556072191, 4.589224625498639]
[131, 117, 136]
[-2.490739898050777, 1.39276948893672, 8.472733050534043]
[108, 84, 78]
[-2.490739898050777, 1.39276948893672, 8.472733050534043]
[108, 84, 78]
[0.7781277689137223, 0.9483511490682003, 4.803314402670861]
[157, 127, 139]
[-2.48398982994647, 1.664548618195727, 8.430809010517496]
[90, 72, 66]
[0.6426921201545016, 1.143312867177718, 4.928600441869772]
[110, 93, 104]
[0.6426921201545016, 1.143312867177718, 4.928600441869772]
[110, 93, 104]
[0.8355735607482259, 1.125120601155893, 4.716536267959385]
[130, 104, 114]
[0.9933832101631641, 1.12175777050879, 4.522482550970881]
[124, 110, 127]
[0.9853718879698661, 1.136717531226138, 4.5325276485337]
[72, 53, 78]
[0.7723664952380863, 1.18612777022328, 4.750723798176704]
[92, 75, 100]
[0.7771206193841197, 1.187181582253908, 4.755234394802167]
[92, 75, 100]
[1.192795200585991, 1.139317828463735, 4.287547312002272]
[92, 68, 72]
[1.208553237823529, 1.146069326681755, 4.244909141608395]
[144, 128, 134]
[0.04073543244698585, 1.230180855195353, 4.835465654761683]
[137, 114, 162]
[-1.685575623770828, 1.27915916545258, 5.11742397684742]
[92, 73, 105]
[-1.665857173125848, 1.279419605723146, 5.108643474696626]
[91, 74, 108]
[-1.816568757140623, 1.088455400165817, 4.477631843339871]
[91, 74, 108]
[-1.676632574677402, 1.205765923576571, 4.836957802503722]
[89, 71, 108]
[-0.9542225245040327, 1.214628442251693, 4.592981332831235]
[114, 94, 130]
[-1.682405739781487, 1.314577407302227, 5.061647118751424]
[50, 41, 70]
[-1.650260142914764, 1.311590830621152, 5.029558360422979]
[60, 46, 78]
[-0.943358876868268, 1.25851285123381, 4.581506591589522]
[71, 56, 94]
[0.9398347813466255, -1.63747776397122, 4.971763535656242]
[126, 106, 122]
[0.7644003846123512, -1.602359793820961, 5.176194366047728]
[80, 60, 77]
[0.349493963532224, -1.564554523972985, 5.590946690215659]
[89, 76, 104]
[0.9252207940020768, -1.469207570145578, 4.973242576868247]
[130, 112, 132]
[0.9433892469859598, -1.433731680424556, 4.946793841168104]
[120, 104, 127]
[0.67806281054217, -1.392714489629831, 5.221840002044053]
[92, 69, 93]
[-0.9394651857042767, -1.350870356172186, 6.258006960371309]
[46, 38, 66]
[-0.8894266686424044, -1.334834435281355, 6.225912912611681]
[97, 86, 137]
[-1.664194062181841, -1.53475047752123, 7.755690940929561]
[54, 44, 70]
[-1.694752338085145, -1.532651758020733, 7.801037871735848]
[54, 46, 72]
[-1.824031869412569, -1.525782395642842, 7.921587654973239]
[55, 46, 66]
[0.2132287224805095, -1.363243321050115, 5.710135948634732]
[76, 58, 78]
[-1.83301407078208, -1.503324149464289, 7.930342625224378]
[130, 110, 134]
[0.1536186727407069, -1.246567360860309, 5.73699207178144]
[140, 126, 153]
[0.4471730457048334, -1.096130664854843, 5.423642897634328]
[85, 70, 97]
[1.07705935433417, -1.000141185719846, 4.752823460557352]
[140, 120, 140]
[0.5974231129802584, -0.99689390227818, 5.261646641522993]
[68, 58, 74]
[0.6468766341488239, -0.9886938912328066, 5.205563565863152]
[77, 62, 83]
[-2.243355558841321, -0.9972540165774715, 8.344404370267531]
[122, 108, 133]
[-2.243355558841321, -0.9972540165774715, 8.344404370267531]
[122, 108, 133]
[-1.412688899831644, -0.8946849290291599, 7.300482032857674]
[130, 112, 136]
[-2.314488572701416, -0.8594237943008776, 8.433317459414756]
[84, 67, 86]
[0.7696430771717414, -0.8113752578569704, 5.043752730608499]
[140, 121, 139]
[1.063696187138604, -0.6236781273361264, 4.710245301321449]
[68, 52, 72]
[1.063696187138604, -0.6236781273361264, 4.710245301321449]
[68, 52, 72]
[1.01385617859177, -0.6114647345333873, 4.766728727661355]
[69, 56, 76]
[1.012387230819033, -0.6127144017818182, 4.765520506618472]
[69, 56, 76]
[-0.6919949384503802, -0.5463161701796175, 6.127739936905694]
[75, 68, 108]
[-0.6919949384503802, -0.5463161701796175, 6.127739936905694]
[75, 68, 108]
[2.005177213994369, 0.01992347713646344, 4.526396515518812]
[214, 176, 156]
[0.5819090855713277, -0.2939844728825524, 5.184078415215928]
[52, 38, 58]
[0.8575536714332803, -0.2258656939672978, 4.870995927176806]
[134, 115, 134]
[0.9052705721129658, -0.06495312134097349, 4.816788748424523]
[120, 104, 130]
[0.8996114504472651, -0.04390686697147539, 4.813529287462498]
[50, 42, 62]
[1.100420418080778, -0.0531955962890925, 4.605603702452855]
[134, 112, 118]
[1.234859918142571, 0.07416255002197586, 4.433646970271275]
[132, 113, 137]
[-0.8319446835216203, 0.3144582103267073, 5.894260091840637]
[161, 173, 177]
[0.6723625963188967, 0.2899274440806293, 4.998295107969743]
[76, 56, 78]
[0.6360438489476541, 0.3218292079595221, 5.036559500217741]
[137, 117, 130]
[1.231987464873595, 0.2610108074508065, 4.404551173400898]
[128, 115, 139]
[0.5840106014204295, 0.4290736261354643, 5.067121415680916]
[77, 57, 80]
[-2.072043589546662, 0.9171601339028007, 8.020529386002693]
[38, 16, 14]
[-0.6018755063673935, 0.6834862719297078, 5.613637944244034]
[40, 32, 55]
[-0.4710100294290295, 0.6657486117767472, 5.490185867872533]
[110, 94, 140]
[-2.470719056597491, 1.168130811168982, 8.475855647498193]
[120, 92, 98]
[0.6162820072161357, 0.6823981964990383, 5.018604801839834]
[135, 112, 123]
[0.6784995465112754, 0.7820056944537342, 4.911907501827496]
[62, 49, 67]
[0.7872765533381237, 0.8014114600751916, 4.796255942841578]
[156, 132, 147]
[-0.1324458526508777, 0.8840799835168205, 5.016336312067788]
[58, 57, 95]
[-2.228897272157857, 1.622707365069847, 8.162063602225123]
[83, 64, 71]
[-0.1137039398808277, 1.076831125730676, 5.021885889826754]
[82, 70, 120]
[0.7395173904412107, 1.114781772813572, 4.813653041638077]
[50, 35, 51]
[1.06113246073249, 1.102953319768974, 4.468004884555334]
[50, 39, 47]
[0.9562088851772053, 1.130818984409409, 4.565100167191634]
[138, 119, 137]
[0.8332317657192762, 1.181769460933879, 4.688966216817987]
[92, 76, 93]
[-0.1818594295798976, 1.297665810130464, 4.993243346530836]
[40, 36, 56]
[0.8224222316726653, 1.25544441285737, 4.56923674438569]
[76, 58, 72]
[-1.471265132358538, 1.250744737683334, 4.879508210310942]
[96, 76, 112]
[0.02019530870338071, 1.363792941135637, 4.775699097043433]
[48, 44, 59]
[-1.605988775717948, 1.305256151066929, 4.98148683396993]
[58, 46, 81]
[-0.9213053900306546, 1.248874204108635, 4.552262733767486]
[72, 60, 104]
[0.7863787826691014, -1.607477099014303, 5.150899969522809]
[88, 70, 83]
[0.7476711287184752, -1.472298010184675, 5.150375760473963]
[130, 110, 130]
[0.7476711287184752, -1.472298010184675, 5.150375760473963]
[130, 110, 130]
[-1.327809523796878, -1.573116898394665, 7.393404072944849]
[44, 32, 48]
[-1.327809523796878, -1.573116898394665, 7.393404072944849]
[44, 32, 48]
[-1.179649206708395, -1.216134920208928, 6.377367259725006]
[76, 70, 120]
[0.2938742698804467, -1.257273033704866, 5.61272932877238]
[84, 72, 96]
[1.124810563979318, -1.023843281232213, 4.703360199336816]
[72, 53, 64]
[0.6101751939642406, -1.017461380961791, 5.248892727690555]
[125, 110, 134]
[1.042030305525201, -0.614275217791599, 4.745564972496759]
[51, 40, 58]
[0.747639952310574, -0.4407125818604357, 5.033792992630046]
[67, 52, 65]
[0.747639952310574, -0.4407125818604357, 5.033792992630046]
[67, 52, 65]
[-0.451041488959289, -0.341279897942934, 5.714409470869734]
[85, 72, 110]
[0.7878034805490652, -0.2394677888917781, 4.957597843922668]
[46, 38, 60]
[0.9478140823780111, -0.2459709702415273, 4.785650601808101]
[137, 120, 138]
[-2.496224275242916, 0.578518953500645, 8.495636221313964]
[220, 176, 154]
[0.6073592605826589, 0.3059235833819219, 5.0722736902736]
[70, 53, 73]
[1.041353628365014, 0.4195862818384938, 4.589286597088635]
[56, 43, 60]
[-2.49622398631518, 1.08717860116476, 8.457257242546602]
[209, 167, 148]
[0.769680869922999, 0.750939999702588, 4.836308168073085]
[82, 74, 100]
[-2.459775668504199, 1.323848352283266, 8.453181484350965]
[92, 62, 70]
[-0.1090385602672176, 0.8558950541881287, 4.990919419806175]
[26, 26, 55]
[-0.5409286275733551, 1.020271443544571, 5.400777439983153]
[96, 84, 134]
[-0.1536940965356895, 1.121670880113901, 5.05686518553486]
[78, 66, 121]
[-0.1302617161684354, 1.148049377044211, 5.03437494469971]
[82, 70, 120]
[0.7991398401013264, 1.131326437084444, 4.750489971980802]
[136, 110, 126]
[-2.459560835017094, -1.039587695827505, 8.589626200817106]
[128, 108, 126]
[-0.8234358039018489, -0.43773628722104, 6.285086481107617]
[23, 24, 54]
[0.5533361397122746, -0.007433134574175292, 5.17378612350077]
[74, 61, 80]
[0.554476096916698, 0.02360834024608882, 5.172898433363242]
[140, 120, 138]
[-0.6900292807153213, 0.3554924285671842, 5.891291636427511]
[137, 118, 134]
[0.8462175468832821, 0.4704080677790431, 4.783875875281479]
[124, 109, 132]
[-2.46541535789382, 0.9762927779912046, 8.483110228411194]
[104, 84, 101]
[0.9414148538805467, 0.7912870695462856, 4.644491027365699]
[137, 118, 129]
[-2.525528103395369, 1.423457060191699, 8.477932123537931]
[206, 162, 144]
[0.9509671653741218, 1.076106207026885, 4.57173164875861]
[119, 96, 114]
[1.09873705925267, 1.099802280915851, 4.421301864114425]
[62, 50, 60]
[1.09873705925267, 1.099802280915851, 4.421301864114425]
[62, 50, 60]
[1.109470577158351, 1.249930401616339, 4.233690444485336]
[252, 190, 168]
[-1.301218275360694, 1.262338879353615, 4.641864769156848]
[53, 45, 81]
[0.1739525267510273, -1.312408598063373, 5.732801975377272]
[108, 91, 104]
[0.837819867609113, -0.6137800873029023, 4.940813437600288]
[84, 70, 74]
[-0.6677993246194042, -0.2513413259522496, 6.10663607746532]
[17, 20, 42]
[0.7454725025761783, 0.6127621713206057, 4.879148597354559]
[47, 52, 76]
[-2.456251067339144, 1.252740057101995, 8.449230771536682]
[114, 91, 101]
[-0.1139844417698161, 0.916467158308427, 5.042880995888894]
[23, 24, 38]
[0.6414387462727354, 0.9688873652687934, 4.941666269525064]
[124, 104, 126]
[0.7629517485724954, 1.071996602182842, 4.78167059664724]
[128, 110, 128]
[0.8414051861716294, 1.073238106160768, 4.69792783214235]
[117, 103, 127]
[-1.24906873228759, 1.254125014196682, 4.579667087114924]
[46, 38, 68]
[-2.03331989029337, 0.8779477265625162, 7.979012999562518]
[240, 172, 150]
[0.8841528422631073, 0.6596437942545067, 4.719576553875181]
[122, 106, 128]
[-1.344718755786263, 0.981372027050787, 6.341908072633347]
[60, 54, 78]
[-2.47307490815293, 1.401669662689995, 8.432916116739484]
[110, 93, 102]
[-2.06091561688728, -0.7396280095081395, 8.13088268890194]
[116, 99, 123]
[-0.9243344730584538, 0.9253598311299478, 5.869926859112113]
[58, 49, 71]
[-0.8461940039199223, 0.9106718784661981, 5.748324088054856]
[55, 47, 64]
[0.8413134277587482, 0.5037622933823306, 4.781723501552593]
[100, 87, 112]
[0.8413134277587482, 0.5037622933823306, 4.781723501552593]
[100, 87, 112]
[-0.01732288799392202, 1.237796397297765, 4.845025291265208]
[109, 88, 130]
[-0.02106520752972809, 1.235040913855208, 4.856352992224791]
[122, 102, 147]
[1.00207909281833, -1.615019933243256, 4.90737944105805]
[136, 114, 132]
[-0.6510616860399976, -1.36717992630521, 5.99161246215625]
[36, 26, 64]
[-1.09091583926727, -1.304775673528726, 6.378127418882854]
[26, 16, 64]
[0.9275326478709867, -1.414165811641479, 4.962873853555164]
[60, 40, 56]
[0.2961476068281209, -1.354044205748184, 5.624755556827781]
[86, 68, 98]
[0.3200559789473227, -1.354739619093162, 5.601915074950761]
[84, 67, 95]
[-2.246605143485625, -1.195569930034739, 8.001364547178229]
[132, 111, 134]
[0.2649151957391986, -1.131645600024964, 5.624167898917555]
[67, 52, 73]
[0.7132243024648109, -1.112784639079467, 5.159021524023996]
[149, 125, 146]
[0.4958291381654218, -1.083652869083915, 5.367833200911709]
[138, 120, 144]
[-1.985354973062914, -0.842088768006763, 7.736226508788008]
[50, 38, 62]
[0.8119167882803403, -0.7954166837890277, 5.005918229021142]
[66, 51, 70]
[0.3597676456331231, -0.7097404496909723, 5.46423221250736]
[134, 116, 135]
[-1.367885961747124, -0.514908537861096, 7.129141843918045]
[61, 48, 66]
[0.6790576048878014, -0.5925009920797331, 5.128825686565181]
[60, 46, 60]
[0.3289515012328897, -0.3896174127356778, 5.448197834118569]
[89, 74, 108]
[0.3126922142730128, -0.3821823335883434, 5.465078065990602]
[96, 78, 110]
[-2.09106349952489, -0.1014246483017541, 7.661534800608554]
[118, 96, 118]
[-2.279229132301016, -0.05921168680804194, 7.830587726886356]
[71, 52, 68]
[-2.279229132301016, -0.05921168680804194, 7.830587726886356]
[71, 52, 68]
[-2.259772641293512, -0.04982460322897084, 7.800331688857996]
[139, 114, 127]
[1.087441401655593, -0.2610200032502843, 4.626289518406185]
[114, 100, 116]
[-0.5443294453636569, -0.1193649225739094, 5.890520320191955]
[33, 24, 61]
[-1.965748140237654, 0.05257997842235047, 7.551658059685441]
[106, 94, 116]
[-0.1939330260496928, -0.009387218696114525, 5.692124734944234]
[46, 34, 72]
[-0.7812525408177244, 0.05999422344052025, 5.997520997665946]
[75, 98, 118]
[0.7594140084214401, 0.1707860330629725, 4.907665906776266]
[144, 124, 146]
[0.9492768449772575, 0.1493029841754959, 4.704112451110338]
[135, 114, 134]
[-1.978206690787377, 0.4562955603395483, 7.484175940108968]
[76, 60, 77]
[0.9492343811104845, 0.2687268979447138, 4.689903695382947]
[75, 58, 80]
[-2.10170195857209, 0.7447971530003995, 7.519572162782716]
[72, 25, 15]
[0.6358844321803813, 0.4975721929820319, 4.988778287790771]
[134, 122, 149]
[0.9367299205153801, 0.4928184527021038, 4.662733888680487]
[74, 62, 89]
[0.05469849804974049, 0.5615261271269656, 5.08007366161545]
[68, 58, 92]
[-0.3207480732244581, 0.6503842619342579, 5.328940237814179]
[47, 34, 72]
[-0.5584930496948575, 0.6917929038282012, 5.558069181933017]
[52, 38, 68]
[-0.5584930496948575, 0.6917929038282012, 5.558069181933017]
[52, 38, 68]
[0.6139316197131421, 0.6621262667348807, 5.004034554824272]
[64, 46, 62]
[-0.0832165716992861, 0.7017905141049666, 5.082097884445705]
[48, 42, 74]
[-1.057863590199768, 0.8554441733072994, 6.015538332191912]
[72, 52, 98]
[-0.7499285315291294, 0.9368109561203899, 5.620689992205508]
[121, 73, 46]
[1.219251170047006, 0.8114569961289636, 4.307849251995316]
[78, 68, 98]
[0.7778175239341549, 0.934804690210421, 4.796026360260611]
[93, 72, 86]
[0.8132663555381104, 1.074987549908248, 4.712056771224648]
[88, 67, 90]
[-0.05679694681944609, 1.158342227204412, 4.970597328693371]
[49, 36, 73]
[-1.277168158517291, 1.093369606250688, 4.768949392130279]
[56, 44, 74]
[-1.502939187549426, 1.298567791604783, 4.891956629901569]
[58, 44, 84]
[1.004544010956193, -1.629676969915928, 4.916055226449965]
[55, 36, 54]
[1.144094533184907, -1.630619373052315, 4.763312319624644]
[136, 114, 132]
[0.6633250076476658, -1.573207358340963, 5.280559492544107]
[76, 58, 80]
[0.7441570963733937, -1.454641085845791, 5.159906903900977]
[88, 63, 90]
[0.9948345603465942, -1.426954446749298, 4.890663331503413]
[68, 48, 62]
[1.020051409146985, -1.413540651641778, 4.870460107219754]
[140, 116, 130]
[-1.881508570210698, -1.259550177850038, 7.713393348047093]
[119, 106, 130]
[-2.17695720025016, -1.202661208138024, 7.949989080699926]
[138, 119, 137]
[0.6272945344713422, -1.280462063807196, 5.267911717232313]
[143, 120, 136]
[1.164466154565148, -1.238318152228955, 4.672340900739514]
[122, 104, 122]
[0.4859058173803107, -1.117802403005321, 5.384234443922664]
[84, 69, 92]
[0.3845922937719057, -1.060635904004262, 5.490266129866939]
[133, 116, 132]
[-2.265449456298954, -0.8832807978011726, 7.980853394139359]
[126, 110, 138]
[-1.504842871283518, -0.9004808076926563, 7.306603095086571]
[58, 48, 67]
[-2.341762237761241, -0.7851063123226645, 8.016072728420916]
[65, 52, 68]
[-2.341762237761241, -0.7851063123226645, 8.016072728420916]
[65, 52, 68]
[-2.030141062824329, -0.7752548610476554, 7.75648224613901]
[60, 49, 72]
[1.046860711905752, -0.8457103055911807, 4.752830743678532]
[76, 58, 88]
[0.20229667635369, -0.7117538329071608, 5.638080387478666]
[68, 52, 72]
[-1.439080579486882, -0.503895023862316, 7.179650330950615]
[59, 46, 68]
[-0.8547466203395275, -0.468195315234373, 6.24216604177562]
[30, 22, 60]
[0.8529564108341045, -0.6037072315369509, 4.934494316972497]
[68, 54, 68]
[-1.737741147213405, -0.321313798295444, 7.406613525399848]
[67, 52, 76]
[-1.872184641400896, -0.2836140596810968, 7.527339264206867]
[130, 109, 127]
[-2.171862717801781, -0.1745198925540565, 7.746683979187204]
[88, 63, 78]
[0.5918604682223011, -0.3837363755062952, 5.177981436232461]
[129, 108, 126]
[0.7270755644940075, -0.240851061044717, 5.003061098810148]
[68, 54, 78]
[-2.347333688137488, 0.06949257729317738, 7.869670817124897]
[64, 44, 59]
[-1.88481773931949, 0.05750123670861197, 7.491153062109963]
[57, 44, 57]
[-2.226121905696349, 0.08830458455671254, 7.75049164335638]
[134, 110, 124]
[-2.013898941215138, 0.06968997685646273, 7.592997168086888]
[55, 35, 50]
[-1.749801042328868, 0.1321597095577415, 7.354340449399662]
[56, 44, 60]
[0.8989785605546613, -0.08384543590985227, 4.806074602368435]
[80, 66, 95]
[0.8760859368984983, -0.05484241286596044, 4.830556410434208]
[132, 118, 144]
[0.9647608827425221, -0.04178656533476879, 4.721425091217985]
[74, 59, 78]
[0.02472275683212826, 0.1029581746963026, 5.462798747209178]
[49, 38, 70]
[0.9439082300308786, 0.1247450908952302, 4.713678442181901]
[111, 97, 122]
[-0.8871077166632957, 0.3124389554971441, 5.919700222894721]
[137, 142, 150]
[-0.08959787122677826, 0.303753576600625, 5.545045400763574]
[50, 36, 73]
[-0.6738778593117694, 0.3443102779164784, 5.8512037660737]
[78, 72, 90]
[-1.792030154580148, 0.5009218242176778, 7.321017918775099]
[110, 94, 111]
[-1.792030154580148, 0.5009218242176778, 7.321017918775099]
[110, 94, 111]
[-0.1569667328031663, 0.3362361295589998, 5.606622565196121]
[38, 28, 66]
[0.9347935854003483, 0.2694557306499857, 4.710991806067174]
[90, 70, 87]
[-0.009858305446045967, 0.3568996904620337, 5.45190318398621]
[42, 36, 70]
[0.5748898876788247, 0.3284482238227544, 5.103111261720135]
[132, 112, 128]
[-1.97269823977509, 0.6362449277476906, 7.445844959740773]
[112, 90, 98]
[1.013766813409137, 0.4400228241070368, 4.609160509680399]
[135, 116, 133]
[-0.1512193825103234, 0.6119741475835206, 5.15872322358033]
[42, 39, 60]
[-2.410515821071971, 0.9869038700188257, 7.743885866655286]
[135, 108, 119]
[-2.410515821071971, 0.9869038700188257, 7.743885866655286]
[135, 108, 119]
[-1.665752950072708, 0.8665772748598027, 6.555649250751257]
[36, 31, 58]
[-0.7893334500303845, 0.7791619017080419, 5.767874140564272]
[54, 40, 77]
[0.1062270632274725, 0.6953570121206794, 4.881938928947866]
[46, 36, 76]
[0.8197316425174163, 0.7678106375834809, 4.77092115702013]
[127, 114, 138]
[1.002126337890257, 0.7693157668131845, 4.55984846251401]
[138, 122, 134]
[-1.894144750291463, 0.8344099886277029, 5.33900220598388]
[71, 57, 108]
[0.7883056759352568, 0.9328457259797439, 4.778203324154243]
[76, 56, 66]
[0.8039857326978472, 0.9303226412646584, 4.75759835076742]
[64, 46, 60]
[0.627410077626892, 1.158862345885252, 4.924400964865946]
[52, 33, 42]
[1.178151713271556, 1.076556736173679, 4.321277464292835]
[61, 43, 59]
[0.6924359499417413, 1.198627778239368, 4.828129144135425]
[67, 56, 63]
[-1.423473265557503, 1.05136056381076, 4.918302866373795]
[54, 40, 78]
[-1.3915443879193, 1.048566088584626, 4.89233920371225]
[60, 46, 88]
[-1.3912410873276, 1.090742451394045, 4.885048370785309]
[70, 52, 90]
[-0.08340225929857673, 1.259644322907335, 4.959533106318203]
[102, 80, 122]
[-1.632248265944882, 1.184996204478274, 5.097003928378901]
[66, 48, 84]
[-0.8108385140696311, 1.228454070487509, 4.631996537729046]
[121, 100, 136]
[-1.542140484547214, 1.265669696916979, 4.983031511081975]
[94, 73, 107]
[-2.037673005708948, 1.340845519622185, 5.386146562652081]
[42, 38, 64]
[-1.993270700036389, 1.147832322039902, 4.661838839828572]
[50, 42, 77]
[-1.218238427560462, 1.270549283860628, 4.623071993831547]
[43, 34, 60]
[-1.206832056038124, 1.268837890939799, 4.607324846202498]
[50, 38, 76]
[1.113623520217734, -1.421841860622462, 4.776442985152321]
[140, 116, 131]
[0.8660945865210607, -1.410450026963, 5.035229516767181]
[52, 34, 48]
[0.2695739357495693, -1.350472296392571, 5.653382531986946]
[84, 70, 100]
[1.14789583819825, -1.242117283739453, 4.702655483792551]
[124, 106, 122]
[0.8546225994475513, -1.216730089476399, 5.009325888570527]
[123, 106, 126]
[-0.7926718172223178, -1.048859288280176, 6.142672594162367]
[100, 82, 113]
[-2.189043936281474, -0.9091499452738057, 7.911649556059614]
[86, 73, 94]
[-0.9954125401950387, -0.8942767709265811, 6.263152627052274]
[98, 82, 122]
[-1.456075889372666, -0.9024067800949619, 7.25953853690854]
[62, 50, 72]
[0.6300347395815563, -0.6328699424030455, 5.174178265160727]
[122, 108, 132]
[-0.6575082046048841, -0.517851563514206, 6.060100354715015]
[74, 68, 114]
[0.3236689258745636, -0.424175232494398, 5.454478533359112]
[92, 76, 107]
[0.6790332381405939, -0.4152173197842867, 5.097208298615339]
[62, 47, 68]
[0.8819436459861427, -0.4313278115622249, 4.878594042691083]
[68, 56, 78]
[0.4656584276261304, -0.3795515995708966, 5.318540389700195]
[148, 124, 146]
[-1.747504696022546, 0.009732124570744313, 7.361878466228266]
[106, 94, 116]
[-0.5066514605936409, -0.04729227808646719, 5.843694783592067]
[50, 40, 68]
[-0.5066514605936409, -0.04729227808646719, 5.843694783592067]
[50, 40, 68]
[-0.03159581717459284, -0.02535147111207162, 5.52737249868102]
[42, 34, 61]
[1.019201469034939, -0.06225557846088887, 4.662685576045876]
[80, 68, 92]
[-1.331664852924372, 0.3252717801724972, 6.715656391665884]
[36, 27, 58]
[-1.150545670692257, 0.3268824279273795, 6.554217807193952]
[29, 23, 53]
[-1.761844310588031, 0.442475484060335, 7.301180091891237]
[38, 32, 44]
[-1.788858220244759, 0.450955073118422, 7.328323470361997]
[41, 34, 47]
[1.094789404485536, 0.1921106843484824, 4.541195717552953]
[86, 67, 84]
[1.094789404485536, 0.1921106843484824, 4.541195717552953]
[86, 67, 84]
[-1.025399242310846, 0.4974444813443085, 6.268193611670462]
[35, 27, 62]
[-1.888453957082556, 0.8291315746364359, 7.344356456877088]
[56, 44, 56]
[-0.8334784438367709, 0.70388728981629, 5.823656072987985]
[50, 40, 74]
[-0.2943713717885745, 0.6663615487864855, 5.297427008950352]
[101, 90, 137]
[0.6344762087800981, 0.6835819861169971, 4.967428615142447]
[94, 82, 109]
[-0.4118386660947753, 0.7571040376208905, 5.401682131565348]
[42, 33, 62]
[1.051445702996182, 0.7598517148155496, 4.505340394376092]
[128, 114, 136]
[-2.154878459479651, 0.7436899318678459, 4.931108005783381]
[67, 55, 106]
[-1.842142305752851, 0.8302119537804038, 5.279927407326581]
[67, 55, 106]
[-1.07602306775694, 1.041340564437885, 6.134513401911221]
[66, 56, 107]
[0.07321531786847249, 1.357341642769729, 7.416523783429384]
[68, 56, 108]
[1.010026561469766, 0.8950078925580711, 4.553534241397919]
[66, 54, 70]
[1.010026561469766, 0.8950078925580711, 4.553534241397919]
[66, 54, 70]
[0.8384733260243162, 0.9229537591760389, 4.724018642025269]
[66, 50, 64]
[-2.000977972217259, 1.407061075472267, 7.350906953988814]
[112, 95, 112]
[0.9578846065350327, 1.054681607211608, 4.563487870799068]
[92, 71, 90]
[0.6756689352345491, 1.114867179447706, 4.861892481745851]
[44, 36, 46]
[0.8815889843898633, 1.124370822135554, 4.644496723255904]
[142, 114, 117]
[1.062725781828602, 1.099679091926972, 4.451109285277373]
[52, 38, 43]
[0.9759626234163503, 1.130776929166346, 4.547860318263837]
[127, 111, 135]
[1.083560234099784, 1.127180618740565, 4.417658962660402]
[157, 131, 143]
[-0.04745104491538504, 1.184705636266849, 4.955084276421829]
[42, 34, 62]
[-1.920084493190904, 1.141943504607808, 5.387113918806582]
[58, 43, 70]
[-0.8879833706360235, 1.857632588186909, 6.77358520681773]
[94, 77, 110]
[-0.8879833706360235, 1.857632588186909, 6.77358520681773]
[94, 77, 110]
[-1.619584726263622, 1.27187632203961, 5.053236822196957]
[95, 76, 110]
[-1.619584726263622, 1.27187632203961, 5.053236822196957]
[95, 76, 110]
[0.2939009684440508, 2.374818752220993, 7.968950158932421]
[96, 76, 114]
[-1.512498544047723, 1.262203812230047, 4.949326395717375]
[104, 82, 118]
[-0.3117937789813285, 1.941417778921367, 6.736894134833166]
[97, 78, 110]
[-1.693480788511929, 1.103737664111377, 4.473823761061326]
[98, 78, 114]
[-0.1427688421064858, 2.01744239824561, 6.914753649847816]
[95, 75, 108]
[-1.193137843886356, 1.388960638358548, 5.224707076102988]
[100, 77, 114]
[-1.454253934985746, 1.235802278106007, 4.817905959850906]
[94, 72, 112]
[-0.2037541992091741, 1.915845206704841, 6.576763768994681]
[96, 75, 112]
[-1.28789126528535, 1.298575965434575, 4.950660934178805]
[96, 76, 116]
[-1.100289318751628, 1.231816480340498, 4.640497945013482]
[118, 96, 132]
[-1.98779793335918, 0.8226588676120297, 3.858762595153894]
[104, 82, 122]
[-1.621949025669343, 1.307824622941698, 5.002750690934444]
[51, 42, 78]
[1.123041565816506, -1.647021429998867, 4.790646635941671]
[64, 44, 62]
[-0.7284096069814634, -1.348347739151397, 6.077263005713526]
[94, 81, 136]
[0.2247521145432548, -1.435221729377298, 5.702991366787692]
[134, 112, 136]
[1.125995644916394, -1.431012069912203, 4.753857840833012]
[62, 44, 54]
[0.2691978186297998, -1.254262669170161, 5.642251878261951]
[61, 52, 81]
[-0.5842846221293181, -1.076816568198648, 5.941887614181534]
[102, 80, 112]
[-1.001099925363405, -1.025050157451419, 6.339347680233855]
[100, 80, 111]
[0.4733992282866142, -0.5532769562451076, 5.327094522956973]
[60, 50, 70]
[0.4733992282866142, -0.5532769562451076, 5.327094522956973]
[60, 50, 70]
[-2.29537600602489, -0.05113459735249047, 7.842329864644855]
[88, 67, 76]
[-0.5060681381500322, 0.441087126814343, 5.775708658479345]
[36, 30, 64]
[-2.09104280210679, 0.6882654645059295, 7.537427293717451]
[46, 25, 18]
[-1.825792040245426, 0.7583535724898591, 7.309612536340953]
[110, 94, 110]
[-0.8997041354925718, 0.7114791618188593, 5.881472273789497]
[52, 41, 72]
[-0.8984876439557592, 0.9004797845720757, 5.764168955533282]
[52, 44, 61]
[0.6484033488113907, 1.041194098023377, 4.895940505969312]
[86, 64, 86]
[0.6632295758901982, 1.16530169892969, 4.886014442793371]
[54, 44, 62]
[0.898185711265968, 1.145858729111315, 4.610101258009911]
[147, 128, 150]
[-2.014092647828857, 1.585235238600625, 7.231902019099657]
[38, 34, 35]
[-1.852275708747678, 1.325946780056097, 5.221501008415117]
[47, 39, 78]
[-0.9463547031475913, -1.320979794770993, 6.283544528545947]
[104, 90, 143]
[-0.6275495776874187, -1.073979828944204, 5.971784575970118]
[96, 80, 130]
[-0.8538587154785346, -1.048255967770001, 6.201386822525115]
[96, 82, 130]
[-0.8366109928705701, -1.048737604267659, 6.172632053232894]
[98, 82, 132]
[-1.670545988769955, -0.8776720848034442, 7.450725276550029]
[86, 72, 92]
[0.7678258357212185, -1.002980910218912, 5.08019763515045]
[72, 62, 79]
[0.8212983163926145, -0.97274917167252, 5.033346174511463]
[132, 117, 139]
[-0.7260126132949219, -0.5368688161003342, 6.134594778832778]
[24, 21, 52]
[0.6320192489568064, -0.6029292407925292, 5.179761319910577]
[61, 48, 58]
[0.8545899410120678, 0.1651356216884082, 4.804783060893245]
[132, 113, 135]
[0.9253783311743227, 0.4568846179831009, 4.681394263374031]
[128, 112, 134]
[-0.3702779006581713, 0.7418173816999467, 5.365565042387096]
[78, 65, 100]
[0.6629177023799145, 1.059490297391109, 4.875097421746013]
[116, 94, 119]
[-1.775358655828414, 1.131609150288966, 5.248390336895758]
[72, 55, 80]
[-2.047861383883103, 1.340655198622979, 5.397099865523999]
[42, 34, 64]
[-1.245750539093828, 1.268758212003688, 4.644808575819363]
[56, 48, 90]
[-1.652478047548835, -0.8460495881357637, 7.431531955648248]
[126, 109, 129]
[-0.8519534632868168, 0.6776131240439572, 5.838016349001106]
[199, 147, 126]
[-1.49964535473991, 0.7847452460844765, 6.443946130875212]
[45, 40, 54]
[-1.033600867734679, -1.202813300750807, 6.292867558592093]
[24, 22, 46]
[-1.239858930519822, 0.9513708329483491, 6.074295324112167]
[63, 54, 82]
[1.158179036096951, 1.253827887287181, 4.184512040813446]
[40, 28, 22]
[-1.726191907069073, 1.321587052613513, 5.104506481748643]
[64, 52, 77]
[-0.7473992318532293, -0.7551530852949242, 6.133320746468421]
[108, 88, 138]
[-0.811254939442471, 0.9036859837535562, 5.67858362995812]
[56, 49, 65]
[-0.7516281355069847, 0.8970744536678381, 5.617890888540722]
[52, 45, 58]
[-0.9272553575897412, -0.8466373832674864, 6.236509556975311]
[30, 29, 60]
[-0.9272553575897412, -0.8466373832674864, 6.236509556975311]
[30, 29, 60]
