[1.086992054105575, -1.432740828642191, 4.798281519635102]
[46, 28, 44]
[1.062838743320652, -1.4288176345935, 4.823661338382076]
[47, 30, 42]
[1.005461222865342, -1.420996266823834, 4.873148709558178]
[62, 46, 55]
[0.8908747186024951, -1.410296249163076, 5.001358715116741]
[48, 32, 53]
[1.216008946503902, 0.2367394606429456, 4.483769734828484]
[125, 114, 135]
[1.281723309583065, 0.7156012856394315, 4.364805666343587]
[106, 92, 122]
[1.156229199791366, 0.7416490342831396, 4.49611980748684]
[66, 49, 63]
[1.17376531374252, 0.7520181442459455, 4.474108886109006]
[126, 108, 120]
[0.03389538676442808, 1.253975175170322, 4.897724236947488]
[96, 76, 118]
[0.09538828190332041, 1.248300033453113, 4.844513007352273]
[101, 78, 126]
[0.1199323341670145, 1.242273520332329, 4.806412146781581]
[102, 82, 120]
[-0.1303355618096457, 1.304723818267753, 5.008133770062831]
[46, 38, 64]
[-0.8253062155675317, 1.232372509551136, 4.649734526719641]
[104, 82, 122]
[-0.9188318612476317, 1.269834775277561, 4.613928285556105]
[64, 50, 92]
[-2.432524696869693, -2.619782044795496, 8.555801325755453]
[128, 99, 120]
[-0.523465490092376, -1.941828604415633, 6.437364065551826]
[24, 24, 38]
[-2.443271932787629, -1.558329465332517, 8.456427266456753]
[124, 92, 108]
[-2.447132131458754, -1.413969567454575, 8.454528739995805]
[115, 80, 88]
[0.5955623519994472, -0.3953785426958427, 5.216770606867409]
[46, 36, 51]
[-2.449501521588108, 1.028957299838168, 8.194675363419854]
[116, 87, 98]
[1.284034750740692, 0.7287233231185538, 4.356511092063972]
[54, 42, 56]
[1.265705205884732, 0.7463370309984443, 4.376448747786642]
[118, 106, 133]
[1.308955777674968, 0.7405572122812671, 4.324762777427261]
[114, 102, 122]
[-0.9705067986943001, 0.9362623613342347, 4.697606173576216]
[73, 52, 86]
[-0.9705067986943001, 0.9362623613342347, 4.697606173576216]
[73, 52, 86]
[-0.9287313181942536, 0.9367376903869523, 4.701617784528438]
[74, 54, 84]
[-0.9287313181942536, 0.9367376903869523, 4.701617784528438]
[74, 54, 84]
[-1.566399167583338, 1.273155734515315, 5.021040016618124]
[92, 70, 99]
[-1.566399167583338, 1.273155734515315, 5.021040016618124]
[92, 70, 99]
[-0.4424957636752845, 1.255311781542811, 4.889548283473384]
[91, 70, 100]
[-0.6627117199939817, 1.232143838510266, 4.671454818225004]
[97, 78, 104]
[-0.6627117199939817, 1.232143838510266, 4.671454818225004]
[97, 78, 104]
[-0.9306960327181442, 1.232435750744393, 4.645682211604155]
[106, 80, 118]
[-0.9306960327181442, 1.232435750744393, 4.645682211604155]
[106, 80, 118]
[-0.7898149017772675, 1.267249255990768, 4.602913034099975]
[63, 48, 82]
[-2.84333106743439, -3.061311169632005, 8.88583563047125]
[84, 50, 34]
[1.15733071417688, -1.437145709159591, 4.719432998469385]
[51, 38, 56]
[1.15733071417688, -1.437145709159591, 4.719432998469385]
[51, 38, 56]
[0.9967412346564222, -1.438765149990339, 4.881713762969216]
[120, 102, 124]
[0.8538863144072522, -1.403627878900173, 5.026459998782788]
[50, 35, 47]
[-2.435616892312671, -2.218913596456143, 8.515254105937631]
[124, 98, 118]
[0.8140668653422948, -1.316114559376, 5.057673851305523]
[64, 50, 76]
[-3.797093791151421, -1.909677673499756, 8.908287842417813]
[146, 103, 94]
[-3.425042081985799, -1.884838869328588, 9.111323291471939]
[158, 107, 100]
[-1.762002044748085, -1.497912201428385, 7.766968888147885]
[48, 37, 54]
[1.007315751974884, -0.2669838277135784, 4.754626430370923]
[48, 42, 66]
[1.222567478932907, 0.232692043621311, 4.46833373954837]
[120, 106, 126]
[-2.833545756645079, 0.6142184811936857, 8.493102494892101]
[76, 44, 31]
[-2.444693873195976, 0.6681661737728576, 8.224761916302546]
[106, 86, 104]
[1.233265325219021, 0.6083543710058388, 4.418238030023931]
[118, 101, 126]
[1.116692618128009, 0.7286874587705061, 4.538490173590089]
[124, 108, 128]
[-0.741479919720895, 0.8487742567079171, 4.666108615951626]
[82, 70, 116]
[1.02173790290087, 1.135975765014095, 4.589506274262297]
[116, 102, 124]
[-2.434108404122766, -2.160772222713566, 8.520477676781351]
[112, 88, 104]
[-2.430438457843751, -2.085236694146529, 8.510932742614365]
[121, 100, 124]
[-0.4567610276111437, -1.292073749310296, 5.709214552128729]
[60, 50, 97]
[-2.428197666214694, -1.282170342043591, 8.411239698429558]
[120, 96, 112]
[1.047282344759905, -0.6139273750989215, 4.755547176633781]
[43, 35, 52]
[-2.445299871209352, -1.008541796879521, 8.423548640609484]
[119, 95, 116]
[-2.448105499885471, 0.6699017570765138, 8.243327540050693]
[106, 86, 104]
[0.09046618748265298, 0.8440385436380952, 4.844210179056187]
[26, 27, 39]
[-2.431095897998527, -2.96643985020917, 8.624728142359874]
[120, 103, 131]
[-2.425463181924016, -2.869203478262651, 8.605736413968184]
[115, 94, 115]
[-2.420268705931071, -2.783763618905263, 8.589735716773774]
[108, 90, 111]
[-2.422832330605131, -1.488411402835731, 8.428431529708918]
[111, 84, 104]
[1.221642275648451, 1.052088279670047, 4.394205742481088]
[120, 100, 122]
[-2.422117419966673, -2.527663432344262, 8.563596265362563]
[114, 96, 119]
[-2.397028872080998, -2.31443662042626, 8.495108075913169]
[104, 85, 109]
[-2.404226071278252, -0.959677218111434, 8.36139807060882]
[107, 86, 101]
[1.270209629310296, 1.334028237040839, 4.173226026811657]
[238, 168, 148]
[1.270209629310296, 1.334028237040839, 4.173226026811657]
[238, 168, 148]
[-3.966360843024914, -2.104539044253118, 8.93148112938429]
[244, 194, 178]
[-2.388036871611452, -0.4435717469653918, 8.267476249068379]
[98, 85, 106]
[-2.391714076222686, -1.439960213862319, 8.423161796506244]
[109, 85, 100]
[-1.798564034014363, -2.299812128437449, 7.770546188260608]
[90, 69, 94]
[-0.8077910076556394, -2.019415992680914, 6.776474914135544]
[60, 45, 66]
[-1.761440482376164, -2.199316027916857, 7.713186730732533]
[74, 60, 83]
[1.110171023778901, -1.435672901500542, 4.777781270183337]
[70, 46, 66]
[0.9047914157135812, -1.444752021499512, 4.976527121339613]
[80, 66, 94]
[1.006619189160911, -1.422018085510314, 4.875835229031154]
[66, 48, 60]
[0.8896230337460044, -1.409157247775017, 4.99808491562453]
[53, 36, 54]
[0.8498729154894833, -1.387841416665197, 5.031420080780013]
[128, 106, 132]
[1.281712345621596, -1.274369475571984, 4.561607400205554]
[141, 123, 143]
[1.281261911052693, -1.263281117722949, 4.564715809435029]
[84, 60, 88]
[0.6740589866222324, -1.178145499245804, 5.2018153101589]
[59, 45, 64]
[0.7683586063813665, -1.126482308106991, 5.106699462356008]
[62, 46, 69]
[-2.42721018109193, -1.357138860165699, 8.232786947777162]
[236, 188, 171]
[-2.096089443762862, -1.245832932387397, 7.912007818045847]
[117, 102, 120]
[-2.073276287806997, -1.228866764289794, 7.887509858063681]
[60, 42, 58]
[0.9984614681218033, -0.8208367702887417, 4.835830961456648]
[131, 110, 116]
[0.7777592298788757, -0.7924249030223625, 5.051929779661962]
[74, 60, 84]
[-2.218725439262441, -0.9575573353791991, 8.00765264060326]
[67, 51, 74]
[0.9532852555325763, -0.6173307271496237, 4.84989329785743]
[113, 100, 126]
[-1.642620773963199, -0.805314842712871, 7.439987436677888]
[64, 52, 74]
[-1.553911566901392, -0.6616933046430375, 7.349922837425412]
[126, 107, 124]
[0.9486941819937336, -0.4462462478002776, 4.852590823900758]
[59, 47, 66]
[-0.8387186323368625, -0.4636581306026434, 6.214450646882439]
[42, 32, 70]
[-2.017409400614512, -0.4360392013208098, 7.751685707972795]
[75, 48, 58]
[0.5608507600526709, -0.2304314214144047, 5.203603752964526]
[118, 104, 134]
[0.6749208338148462, -0.2185927951047336, 5.110474952410902]
[84, 66, 80]
[0.8431092276604565, -0.02223401445868528, 4.903772735824431]
[136, 118, 136]
[0.8431092276604565, -0.02223401445868528, 4.903772735824431]
[136, 118, 136]
[-0.6914107929737999, 0.05551928116903023, 5.985351451813593]
[126, 150, 166]
[-0.7827774643527359, 0.2814815805706438, 5.88183161003493]
[102, 102, 110]
[0.9814931205654538, 0.2715026672014161, 4.722532860094456]
[84, 66, 85]
[0.9537122718159381, 0.4000226045411734, 4.735346175792918]
[128, 114, 142]
[-0.3865940444901705, 0.5398750484738981, 5.609055073778214]
[120, 104, 156]
[1.023701500279243, 0.4351251802065603, 4.683114623408421]
[60, 44, 60]
[1.023701500279243, 0.4351251802065603, 4.683114623408421]
[60, 44, 60]
[-2.713550230185113, 0.9480925377087069, 8.197529840493193]
[142, 110, 90]
[0.1457066436031303, 0.589472225915563, 4.898841804174207]
[100, 85, 134]
[0.7213133580307731, 0.6454083066002072, 4.969975203362988]
[68, 48, 58]
[0.6471725932778248, 0.6634369484602551, 5.037934125290856]
[64, 50, 62]
[0.6471725932778248, 0.6634369484602551, 5.037934125290856]
[64, 50, 62]
[1.220369837573223, 0.5949881261840745, 4.435213474604248]
[70, 52, 65]
[-2.425494607453989, 1.130787355442703, 7.959034355815957]
[208, 165, 145]
[1.088583367077448, 0.7500308176082935, 4.567678972970333]
[78, 62, 76]
[0.9317639976448732, 0.9161905027175719, 4.716739689829178]
[71, 56, 68]
[1.100491326680848, 1.071715755177551, 4.505570770902831]
[129, 115, 141]
[0.878843939969403, 1.265783283654177, 4.6043300387931]
[116, 104, 122]
[0.5544181587758181, -1.763762108743835, 5.370913786682151]
[134, 122, 141]
[-0.2635695075249489, -1.955725049586139, 6.221471319113782]
[78, 62, 84]
[-1.819293718619267, -2.288446671082316, 7.766987035823584]
[84, 66, 90]
[-1.54296018590433, -2.17502051528196, 7.51139847774812]
[74, 60, 86]
[0.3295308841510119, -1.722622687464379, 5.606778729937041]
[56, 38, 60]
[0.6469810513783626, -1.564902033018891, 5.264874831299646]
[76, 60, 82]
[-1.468485290771831, -1.788112017174651, 7.376483022842689]
[71, 56, 76]
[0.873066560832174, -1.303904851058825, 4.9838254484192]
[132, 112, 134]
[-0.7604535255532546, -1.427948400511424, 6.009120413526714]
[26, 22, 44]
[0.8568257710762684, -1.233628357093245, 5.004499109388895]
[79, 64, 90]
[0.8568257710762684, -1.233628357093245, 5.004499109388895]
[79, 64, 90]
[-0.9371406508867389, -1.327186820272186, 6.216642308677831]
[44, 32, 63]
[-2.720362870260284, -1.715759255605393, 8.491409986651057]
[167, 126, 112]
[-1.916550735628383, -1.587031929918814, 7.790500166550666]
[79, 65, 79]
[-1.71867065923111, -1.465978073507801, 7.583441317726461]
[50, 40, 62]
[-1.682538872876117, -1.465572575128822, 7.562029133270811]
[61, 49, 75]
[-0.9728199699170534, -1.206899032542358, 6.143465726931894]
[28, 22, 47]
[-1.86243123872171, -1.430881519393015, 7.71499206013056]
[130, 108, 128]
[1.027192206660241, -1.013905876091954, 4.815788022644555]
[90, 68, 84]
[-0.5241776626054157, -1.241943561043353, 6.914368190170993]
[98, 76, 109]
[0.602161677757684, -0.9930763938792401, 5.269686686807502]
[56, 46, 60]
[1.058676699881009, -0.8448275199117939, 4.767154996791511]
[70, 55, 82]
[1.058676699881009, -0.8448275199117939, 4.767154996791511]
[70, 55, 82]
[0.8565598159391599, -0.6017035379255126, 4.938203307708822]
[72, 56, 72]
[1.111756233548746, -0.4748122022290231, 4.671111384733043]
[64, 48, 68]
[1.156686656557824, -0.4638570275969703, 4.620893096448153]
[59, 44, 69]
[-1.486166876795862, -0.5668856285103031, 7.265878189269322]
[62, 50, 63]
[0.5628425074828348, -0.3950869044608125, 5.227054776058512]
[66, 55, 83]
[0.6079006067339962, -0.3830353204712722, 5.19568381743918]
[127, 105, 120]
[0.7113997478978163, -0.1488858769473685, 5.056376388864943]
[79, 64, 82]
[-0.439795114375665, -0.05481848372592049, 5.804107013239508]
[40, 31, 66]
[-0.04604372914772001, -0.04459743422670492, 5.55113336505951]
[44, 35, 60]
[1.0323692682016, 0.1359645487500411, 4.681631823087732]
[58, 46, 64]
[-0.1532532655278784, 0.3154087077323783, 5.634596563216074]
[48, 36, 66]
[0.5398033812161637, 0.4567816810806248, 5.150913792147969]
[65, 52, 73]
[-2.697302343405843, 0.7778320858115483, 8.210662497537477]
[59, 28, 27]
[1.050612977632752, 0.4283527682938976, 4.64430941594645]
[59, 42, 64]
[-0.6948591099237025, 0.6751170350388844, 5.73505425311806]
[62, 46, 74]
[0.969261101208599, 0.6227911826784361, 4.719387741071963]
[52, 42, 60]
[0.9649467462904945, 0.636577102168011, 4.715697116217342]
[127, 107, 122]
[1.196786161598298, 0.7408798347324055, 4.452797181892466]
[68, 52, 66]
[-0.1390789527201968, 0.8976357926086626, 5.091774807798602]
[56, 56, 92]
[0.8072971552772971, 0.9401670450626912, 4.852483222379177]
[92, 67, 81]
[0.8124067367974086, 0.9380289060076663, 4.829859791096034]
[86, 68, 78]
[0.8497894438307593, 0.9364661783503442, 4.805752460600604]
[62, 48, 62]
[1.067887401126429, 0.8939851479448804, 4.567604070430609]
[68, 59, 78]
[0.848787245561277, 1.132420087099437, 4.775027128144625]
[130, 108, 120]
[-0.02881715005016008, 1.189276788559558, 4.992400392589916]
[56, 46, 70]
[-0.02881715005016008, 1.189276788559558, 4.992400392589916]
[56, 46, 70]
[1.231579852093263, 1.067071074396731, 4.377819536054174]
[61, 46, 66]
[1.192461629239585, 1.089358992516135, 4.414471493238307]
[47, 34, 46]
[-1.929482399512701, 1.305330666329056, 5.375847163942349]
[100, 76, 103]
[-1.929482399512701, 1.305330666329056, 5.375847163942349]
[100, 76, 103]
[-1.790912127604305, 1.29297909431091, 5.244254321008536]
[92, 71, 104]
[-1.790912127604305, 1.29297909431091, 5.244254321008536]
[92, 71, 104]
[-0.1096838755884629, 1.269963652908844, 5.045549924908858]
[94, 72, 104]
[-0.9236477819777509, 1.164828996315487, 4.690664258927802]
[63, 45, 84]
[-0.9236477819777509, 1.164828996315487, 4.690664258927802]
[63, 45, 84]
[-0.03844329986429841, 1.260130408580302, 4.964095921166352]
[84, 70, 106]
[-0.03844329986429841, 1.260130408580302, 4.964095921166352]
[84, 70, 106]
[-1.612372898177101, 1.278399659569397, 5.075308606054635]
[93, 72, 108]
[-1.540663917916163, 1.270675218055853, 5.001199518243415]
[98, 74, 104]
[-1.379147214600614, 1.256566641511178, 4.846220305513276]
[103, 80, 112]
[-0.681760491057353, 1.233804864927777, 4.668430004906356]
[102, 82, 113]
[-0.681760491057353, 1.233804864927777, 4.668430004906356]
[102, 82, 113]
[-1.916168247871315, 3.645833054869326, 13.66280275401315]
[92, 72, 106]
[-1.214153795526839, 1.231224156807833, 4.695494941768018]
[140, 120, 170]
[-1.271531161512822, 1.243971057327926, 4.727666752880747]
[95, 74, 109]
[-1.271531161512822, 1.243971057327926, 4.727666752880747]
[95, 74, 109]
[-1.543442770272981, 1.306668612826093, 4.950426627774951]
[64, 50, 80]
[-1.166041688243336, 1.239187446691102, 4.667613559194156]
[108, 84, 126]
[-1.041431553346891, 1.274144709759691, 4.629580475613386]
[66, 52, 95]
[-1.041431553346891, 1.274144709759691, 4.629580475613386]
[66, 52, 95]
[-1.61621029580466, 1.425383226475015, 4.882073152787306]
[255, 211, 189]
[1.247213997038646, 1.349140788813682, 4.191849121503035]
[47, 20, 17]
[0.7513558992340067, -1.593496615961574, 5.16383732612173]
[74, 59, 80]
[0.8523228682149222, -1.319407329046854, 5.021768136695155]
[64, 50, 70]
[0.9003984738580577, -1.304388212728802, 4.969520724441195]
[136, 110, 126]
[1.171870771932688, -1.237992747235904, 4.681673371350305]
[117, 96, 116]
[-2.401616336162112, -1.844822263361936, 8.258603783815291]
[130, 108, 119]
[0.5756785034058169, -1.285430454678347, 5.306890943899616]
[66, 57, 79]
[0.6466009665698459, -1.272810783299816, 5.237368119228136]
[141, 116, 129]
[-3.36235110510854, -1.839676515702255, 8.78105626647212]
[132, 117, 140]
[0.7696314796994237, -1.234392748024253, 5.100776259476543]
[142, 118, 132]
[-1.100373657921981, -1.329958244775204, 6.264707775707377]
[79, 69, 120]
[-0.948836920275161, -1.299718704135658, 6.199530914308018]
[90, 79, 129]
[-0.948836920275161, -1.299718704135658, 6.199530914308018]
[90, 79, 129]
[0.26021360589951, -1.245510898853193, 5.620593381133309]
[56, 48, 76]
[0.2495044328435853, -1.219649622958562, 5.630379794702582]
[142, 122, 138]
[0.9642394693369091, -1.004843762978299, 4.871869806556913]
[70, 60, 74]
[-0.8315609259557927, -1.037709695519672, 6.13876124164349]
[100, 80, 130]
[1.112530883094542, -0.6217276638855506, 4.687690836264781]
[62, 49, 66]
[0.7458454677398105, -0.6000120532310852, 5.068396939280291]
[66, 60, 84]
[0.7458454677398105, -0.6000120532310852, 5.068396939280291]
[66, 60, 84]
[0.6958367179726151, -0.4158177431245552, 5.11456524284131]
[58, 46, 66]
[0.5927964571303824, -0.3941717361017941, 5.207871284802803]
[50, 40, 54]
[1.292292569817337, -0.3551054615978458, 4.458963273132275]
[71, 59, 85]
[1.063264149826764, -0.266669790268353, 4.70980375954921]
[54, 43, 62]
[0.6532179757312123, -0.225287352860948, 5.119433018687715]
[52, 44, 67]
[1.163209497703151, -0.06715519140941012, 4.578975828375089]
[60, 44, 61]
[-0.05791091673442091, 0.1698375805527352, 5.550347224605963]
[28, 22, 46]
[1.120295997881704, 0.1816369039439757, 4.592616177412967]
[137, 120, 140]
[1.133929761517017, 0.1928814719357796, 4.57822408341925]
[81, 64, 79]
[-0.8208349512270583, 0.316327422452551, 5.879271813892753]
[158, 176, 185]
[-0.06287674708161778, 0.303053058675012, 5.570227877093611]
[38, 32, 62]
[0.7088442974272635, 0.4154290804253635, 4.98774231579138]
[70, 54, 72]
[0.9001555870968651, 0.4071798928290443, 4.783263419774882]
[134, 118, 141]
[1.053071883106834, 0.4440341159935077, 4.645293382929393]
[130, 110, 126]
[-2.435053950039485, 1.020987138511472, 7.993562701751915]
[211, 168, 150]
[-2.407315338329556, 1.044810371396312, 7.96112513470916]
[112, 91, 106]
[0.9872616452650749, 0.6144610600602989, 4.693845376453632]
[60, 48, 64]
[0.8131700093603481, 0.7915174359111501, 4.843759092273332]
[71, 53, 68]
[-2.677430715410098, 1.468008191588783, 8.174291930431545]
[166, 128, 118]
[1.123302389851574, 0.8943646966297433, 4.519439843435572]
[56, 49, 64]
[1.121881524946161, 1.068071123325953, 4.491570822613732]
[140, 122, 141]
[1.210704495208911, 1.083334121596131, 4.394337604676123]
[58, 44, 62]
[-0.9887532158247122, 1.138946573073819, 4.691978943995688]
[78, 58, 90]
[-0.6295550222886412, 1.24117132385891, 4.72571325778193]
[98, 80, 106]
[1.13868710470197, 1.251490099289808, 4.320211119230088]
[108, 96, 112]
[-2.392116810812189, -2.302745916454155, 8.322206233899754]
[119, 95, 120]
[0.6818992511214458, -1.304942893969561, 5.20297282188588]
[56, 46, 62]
[0.6818992511214458, -1.304942893969561, 5.20297282188588]
[56, 46, 62]
[-0.1795580591465465, -1.288591807009534, 5.672772918801521]
[80, 66, 109]
[-2.393085578066277, -1.616349512918862, 8.236015075284257]
[116, 94, 112]
[-1.622042842318017, -1.475087580019893, 7.501213059719753]
[80, 68, 82]
[1.117351729805891, -1.020974066472488, 4.697990888788473]
[71, 52, 64]
[-2.397193837849074, -0.4331378896918394, 8.105911359700499]
[102, 84, 100]
[-2.400825008140409, -0.2975543272761408, 8.104981963938341]
[115, 90, 110]
[0.8364680301683076, -0.2407704766211256, 4.934622399886112]
[49, 44, 63]
[0.5518479066265138, -0.2111131710691145, 5.241689329956866]
[52, 44, 58]
[0.5518479066265138, -0.2111131710691145, 5.241689329956866]
[52, 44, 58]
[-2.437204748532378, 0.5402132121479202, 8.013898187242013]
[222, 176, 159]
[0.7094889559214889, 0.3760952716288843, 4.998643590107044]
[74, 64, 89]
[-2.406961829182515, 0.9130886654737067, 7.981309442777931]
[106, 87, 104]
[-2.431769410865222, 1.015845850724904, 7.959892085740202]
[211, 168, 150]
[-0.0854386416851403, 0.8640871435399998, 5.031191725180564]
[32, 32, 59]
[-1.158906274242089, 1.275587898770989, 4.634760868646945]
[59, 46, 80]
[1.276296904108627, 1.207278873343838, 4.183972138050188]
[136, 122, 133]
[1.170111280763357, 1.264638374194456, 4.28766116234721]
[252, 180, 166]
[1.131740281744123, -1.429834806097528, 4.758624764452527]
[54, 43, 50]
[0.7675412125003434, -0.99931539420621, 5.078726183412356]
[71, 60, 76]
[-2.395421922057681, -0.7302641939649253, 8.144624362523189]
[116, 92, 112]
[0.706564366296491, -0.3914737957946558, 5.086723892781118]
[138, 114, 130]
[-2.392582793778376, -0.1618302316891498, 8.090205310836026]
[118, 98, 114]
[0.6616060485107685, -0.1194385310793695, 5.098013953571454]
[55, 50, 74]
[0.6057403816172181, 0.02576887608232182, 5.130825156431376]
[138, 114, 130]
[1.081077017828895, 0.3991545552832783, 4.610377604901382]
[119, 105, 132]
[-0.1148395035184543, 0.5884241314869751, 5.17044507322174]
[107, 86, 138]
[0.9765075218045676, 0.7960483376960249, 4.678295748996628]
[135, 110, 124]
[-0.6651966286851393, 0.88242812392179, 4.737227883825549]
[38, 36, 69]
[0.8136027311546126, 1.139758797249198, 4.815113806119392]
[132, 113, 137]
[0.9639850448842352, 1.128931530670849, 4.669495548172498]
[67, 52, 62]
[0.8887018433194019, 1.164449959906628, 4.734592326997323]
[135, 110, 125]
[0.9809684451379955, 1.150132731256254, 4.647874706985962]
[140, 120, 137]
[0.904205908116016, 1.272519701818264, 4.569337705261389]
[83, 66, 72]
[1.152978290778603, 1.258349617826883, 4.307421575269211]
[26, 18, 13]
[1.239816980599589, 1.345754914657077, 4.202843224754]
[32, 20, 18]
[-2.433821992176418, -1.78943837085876, 8.252288411819949]
[239, 187, 172]
[0.6820011381295755, -0.1941824930676985, 5.082886652820648]
[139, 119, 142]
[-2.38337893556931, -0.08475946337228683, 8.029005098589758]
[111, 92, 116]
[0.6641882546997497, 0.4793831384412777, 5.04008408182399]
[128, 106, 119]
[-0.8318115178758947, 0.9069018367802222, 5.743928981186691]
[58, 49, 62]
[-0.7267569563686788, 0.8914252003990814, 5.633226284633418]
[50, 42, 54]
[0.1184710656156036, 0.8991768783995485, 4.870139975527207]
[26, 27, 40]
[0.1184710656156036, 0.8991768783995485, 4.870139975527207]
[26, 27, 40]
[0.8053069232841963, 1.080470972458986, 4.826181926154946]
[126, 106, 126]
[1.060227682529094, 1.080394165378428, 4.553399757007597]
[126, 108, 133]
[-2.378463297602528, -1.736116666326336, 8.265859762580856]
[108, 92, 116]
[-2.380654407259666, -1.155865860043006, 8.234493447790966]
[122, 92, 111]
[-0.9226051336897108, 0.9165559699826384, 5.826459310939654]
[56, 49, 67]
[-2.366154699460976, -1.14895115896409, 8.180667505324728]
[124, 96, 114]
[-2.654640946612683, 0.7202028380915378, 8.28121662612233]
[210, 164, 146]
[-2.746421862485929, 0.7793761185457727, 8.222577555815398]
[56, 36, 29]
[1.185950352376226, 1.317881912398756, 4.271408995581743]
[247, 174, 156]
[1.185950352376226, 1.317881912398756, 4.271408995581743]
[247, 174, 156]
[-0.5368260476756878, -1.095582013152836, 5.78380877489789]
[81, 70, 116]
[-0.1179960883692798, 0.8053231889300778, 5.09416402568335]
[130, 112, 156]
[-2.319633600912976, 0.04918877851844132, 7.990224495550882]
[111, 80, 98]
[-1.153973296306108, 1.233027993802886, 4.686610907504409]
[144, 121, 170]
